# Interaction lenght for photopion production with CMB photons for protons 
# 
# Column 0: log_10 of energy (eV) 
# Column 1-7: log_10 of interaction lengths (Mpc) for z=0, 0.5, 1, 2, 3, 5 and 10 
# 
# 
16.0 inf inf inf inf inf inf inf 
16.05 inf inf inf inf inf inf inf 
16.1 inf inf inf inf inf inf inf 
16.150000000000002 inf inf inf inf inf inf inf 
16.200000000000003 inf inf inf inf inf inf inf 
16.250000000000004 inf inf inf inf inf inf inf 
16.300000000000004 inf inf inf inf inf inf inf 
16.350000000000005 inf inf inf inf inf inf inf 
16.400000000000006 inf inf inf inf inf inf inf 
16.450000000000006 inf inf inf inf inf inf inf 
16.500000000000007 inf inf inf inf inf inf inf 
16.550000000000008 inf inf inf inf inf inf inf 
16.60000000000001 inf inf inf inf inf inf inf 
16.65000000000001 inf inf inf inf inf inf 266.0484630023568 
16.70000000000001 inf inf inf inf inf inf 242.25075426243822 
16.75000000000001 inf inf inf inf inf inf 220.63599760634597 
16.80000000000001 inf inf inf inf inf inf 184.62642391316203 
16.850000000000012 inf inf inf inf inf inf 167.453394350987 
16.900000000000013 inf inf inf inf inf inf 152.35133969099445 
16.950000000000014 inf inf inf inf inf 243.2029364469676 138.66109002682765 
17.000000000000014 inf inf inf inf inf 221.40708604694638 116.45367494964317 
17.050000000000015 inf inf inf inf inf 201.66042982294968 105.27797460203178 
17.100000000000016 inf inf inf inf 266.6347812595602 183.696732222363 95.64221972437298 
17.150000000000016 inf inf inf inf 242.94833319444157 153.30352187552373 86.93505495477665 
17.200000000000017 inf inf inf inf 203.1613658907975 139.43217846742803 73.41417614303036 
17.250000000000018 inf inf inf 243.8641806586902 184.56224783177427 126.90693286982973 66.01719367574701 
17.30000000000002 inf inf inf 222.03503548072177 168.03971260819046 115.52398325891673 59.8281220276822 
17.35000000000002 inf inf inf 202.27919818564908 153.04891862299786 96.59440190829496 54.26498216648778 
17.40000000000002 inf inf 267.2581266608844 184.3112007779953 128.407868937673 87.70614339414522 46.228015068988825 
17.45000000000002 inf inf 243.56509610318045 153.9647660872463 116.38949886832204 79.72427655027478 41.217979101364186 
17.50000000000002 inf inf 204.0649711809651 140.0601279012034 105.86429285927795 72.48448544596094 37.20602841159465 
17.550000000000022 inf 244.53460640374513 185.2035967564332 127.52570123252909 96.33979865650073 60.7803025139378 33.6288585023679 
17.600000000000023 inf 222.6645593136429 168.66305800951466 116.13845181454894 81.22521248418828 55.03606889091498 29.038277796194045 
17.650000000000023 inf 202.8985931735984 153.6656815317367 97.25564611987559 73.35000097393308 49.922234643569396 25.550419390177584 
17.700000000000024 267.8825148919092 184.92600361544027 129.31147422783573 88.33409282774488 66.60351218914818 45.29873391376934 22.914660251927238 
17.750000000000025 244.18233758293644 154.6351918323012 117.03084779298015 80.34304491257268 60.52570130745478 38.1579553789302 20.59255847817152 
17.800000000000026 215.28484460824583 140.68965173412454 106.48763826059991 73.0989540005492 51.4230718860781 34.39978084043744 18.04118158937176 
17.850000000000026 185.84874916544678 128.14509622047842 96.95656156523133 61.441546328799674 46.16421586399463 31.09756851256449 15.631919860762052 
17.900000000000027 169.28744624053942 116.75325465199383 82.12881762984351 55.664018079895065 41.80435975249054 28.126654939263446 13.87657991607098 
17.950000000000028 154.2829230114927 97.92607186474058 73.99134988747036 50.541002710005245 37.903659624863884 23.86085328489406 12.353073779410346 
18.00000000000003 140.24529548523057 88.96361666046782 67.22685757707244 45.91320203788109 32.59214914698564 21.360679450440962 10.857774610111472 
18.05000000000003 117.67600020199276 80.96243990008887 61.14246419304658 38.819139971751504 28.990661145368968 19.204277825359956 9.311285398927938 
18.10000000000003 107.11202649162223 73.71375683689051 52.32657057090316 35.027706586436885 26.1387356562403 17.278631147438375 8.143356637806292 
18.15000000000003 97.57380304497848 62.11197154277745 46.80556019221955 31.716317685140126 23.613475882713423 14.787354893041245 7.139354030954436 
18.20000000000003 88.90822595150594 56.29354163667825 42.42770189020203 28.74110411141438 20.624402244101837 13.106272573031491 6.206898722482151 
18.250000000000032 74.6365022830711 51.16039737829243 38.52041905363329 24.520709745581613 18.127753207623034 11.683257462789602 5.256731358338572 
18.300000000000033 67.85124579331683 46.528004419160546 33.48899978480998 21.98820725053262 16.235512682048746 10.424448019076245 4.4932913506164045 
18.350000000000033 61.759705648065356 39.48948594778721 29.631804346247595 19.822780033641767 14.583147885893075 8.971718493830043 3.835154695784543 
18.400000000000034 56.23817388058934 35.65720370022444 26.761976327544478 17.8928855769072 12.87066574583184 7.857491834219564 3.238911701276023 
18.450000000000035 47.450707057946765 32.33569196828185 24.23015636888168 15.439466514413718 11.219909158218805 6.91811369275594 2.654836743204593 
18.500000000000036 43.052086521422986 29.355886459269765 21.454949667305534 13.731729228850092 9.959498978899152 6.092780220646079 2.1627504071938293 
18.550000000000036 39.13765681438872 25.189285317237804 18.766910627949112 12.300650191552165 8.871313261011185 5.2261876716174065 1.733499652852814 
18.600000000000037 35.602098731629816 22.61725595591638 16.85793733849792 11.037943091974741 7.82849711010581 4.506625001743148 1.3474462536195682 
18.650000000000038 30.276708779632507 20.441888029137885 15.19930668143241 9.608489596472257 6.795727401149963 3.89243800335225 0.980959127746711 
18.70000000000004 27.386249068476488 18.507462173532005 13.582598252786969 8.478388225963085 5.967942544239765 3.3527234877538885 0.6623471098856094 
18.75000000000004 24.84730978120817 16.09796397820132 11.852511562589152 7.533129073829029 5.253608349492175 2.8214817682268576 0.380713532752092 
18.80000000000004 22.566628652023923 14.358458183465688 10.579378880744253 6.704728353006241 4.595254216098194 2.361820065345662 0.12775311191945674 
18.85000000000004 19.409434684772723 12.918565768980308 9.485986911961158 5.848953093597215 3.957233033483418 1.9621473722186282 -0.10593237730917544 
18.90000000000004 17.481312227848132 11.651719215242046 8.476349519311134 5.122058851301058 3.422131199515486 1.6083491844924231 -0.3112141390292446 
18.950000000000042 15.815903475052716 10.248184530379579 7.4189411395860505 4.50438370821975 2.9559883023508107 1.2730359243359786 -0.49233152070228237 
19.000000000000043 14.331684172531242 9.100091070350013 6.583784693710073 3.962628862970313 2.533202533301324 0.9765691321367982 -0.6525644108161217 
19.050000000000043 12.487344656625291 8.148510717159693 5.865901890713251 3.435534603797789 2.1336018947417683 0.7149459026595716 -0.7945452265514816 
19.100000000000044 11.199976396556115 7.316882627260736 5.218456158773788 2.9727515624495076 1.7874428032559204 0.4821710435778439 -0.9176133862541702 
19.150000000000045 10.101006663696614 6.472702492466592 4.572584151452694 2.5712488331798693 1.481846876794179 0.2683940186814743 -1.0240513719831406 
19.200000000000045 9.129477001982783 5.737884451739323 4.0338896878903405 2.216247372847772 1.2059329309809361 0.07952992265552809 -1.1156070476972326 
19.250000000000046 8.043184190003373 5.116535446715846 3.5656864014837772 1.8822648274665492 0.9507075849799146 -0.0863875394020457 -1.192926470791302 
19.300000000000047 7.200044314321989 4.57265947264771 3.1462888348620117 1.5844231231796289 0.726349620971653 -0.23211900237240993 -1.2584630291432781 
19.350000000000048 6.47841727467321 4.049898410411333 2.743873741788505 1.3218596576144912 0.527900724025868 -0.36015364322923743 -1.313744629188373 
19.40000000000005 5.842686206885864 3.5838463889491408 2.396044504856871 1.0883977129878557 0.3512444732145754 -0.4707985666040122 -1.359888363072694 
19.45000000000005 5.188321911239234 3.1804492505994446 2.0893409363705917 0.8747996486134495 0.19353938504284557 -0.5659823928216994 -1.3970906573668127 
19.50000000000005 4.645845947335521 2.8242110004797527 1.81429544916473 0.6852654617237248 0.05627422413138035 -0.6475428880823686 -1.4276202431104699 
19.55000000000005 4.175502660717409 2.4915966446171893 1.5579025235137454 0.5188352485814238 -0.06302569404575968 -0.7159264025494824 -1.4522933403028186 
19.60000000000005 3.7596352412546663 2.1923414544881745 1.3327260160993908 0.37269589721354784 -0.1662157483421119 -0.773401207368845 -1.4716457418520141 
19.650000000000052 3.354283840808134 1.9288165793692762 1.1336672449623213 0.2443701017827824 -0.2541985894950201 -0.8216198823562701 -1.4856335343341251 
19.700000000000053 3.0047303982092997 1.6946547314862723 0.9569324186271425 0.13337933467228089 -0.3291249900539376 -0.8617805702190384 -1.4956244716412284 
19.750000000000053 2.6968907333690657 1.4812387509794196 0.7986730017351221 0.03791248901720838 -0.39265635422191836 -0.8938734303379526 -1.502004376554162 
19.800000000000054 2.4227355174432907 1.2910235550147127 0.6609755397539967 -0.04388451493713647 -0.44592862185203186 -0.9197113858061705 -1.505044349888446 
19.850000000000055 2.1651465198772146 1.124073664237428 0.541327096683132 -0.11261326245785226 -0.48940081074830466 -0.9402489104666716 -1.5047878094064326 
19.900000000000055 1.9391353630889232 0.9775217953726145 0.4377724321489743 -0.17026222822512616 -0.5254023205651775 -0.9560648984105546 -1.5020375812938815 
19.950000000000056 1.739456778248276 0.8489020171785734 0.34951633060965553 -0.21862921380440556 -0.5548793065511299 -0.9670003633490029 -1.4970795267736832 
20.000000000000057 1.5626422233000716 0.7375625610020893 0.27436397745066177 -0.2589180890615582 -0.5783944748751548 -0.9741132507270899 -1.4901817586654618 
20.050000000000058 1.4038211675242516 0.6418107818973849 0.21064241006514794 -0.2912526005609828 -0.596077431485458 -0.97791495048406 -1.4816341591673223 
20.10000000000006 1.2656867035051313 0.559775955333577 0.1570565230015528 -0.31718117480226116 -0.6093748901658306 -0.9787243777931077 -1.471839773300119 
20.15000000000006 1.145686581623264 0.49070052263401026 0.11345084314138541 -0.3378001554011169 -0.6187242283140283 -0.9765692158555874 -1.46104941359469 
20.20000000000006 1.0417646134770764 0.43287687279591536 0.07733393215848308 -0.35369054049139165 -0.6243787882393447 -0.9720964556739672 -1.4495281928359276 
20.25000000000006 0.9532336383604461 0.38436124170786723 0.047755548809964736 -0.3647760990160467 -0.6264248296870707 -0.9656636336246266 -1.4376868700880792 
20.30000000000006 0.8778542605048054 0.3439439714321492 0.02403985038245818 -0.37194531803565634 -0.6257109694398763 -0.9575467240278531 -1.4255840136547677 
20.350000000000062 0.8139417708583248 0.31136762329296086 0.006283960082106146 -0.3758000479355408 -0.6225303135903115 -0.9480510315032287 -1.4133868457426964 
20.400000000000063 0.7600414443047152 0.28534843018337186 -0.007080512305367215 -0.3766596326002897 -0.6171336485172965 -0.9375221219177096 -1.4012851809247089 
20.450000000000063 0.7163020623040145 0.26464802582537594 -0.016492219565341543 -0.37458675203289593 -0.6097931192080253 -0.9262016805643399 -1.389645090333478 
20.500000000000064 0.6800696338607466 0.24868329965498712 -0.02226692622891579 -0.37015100874531387 -0.6009717534146449 -0.9143125251185864 -1.3783003885838327 
20.550000000000065 0.650389801642743 0.23744783811949652 -0.02436036047897162 -0.36375263087692683 -0.5909307337815609 -0.9022758607284387 -1.3673241771043032 
20.600000000000065 0.6264736106851078 0.23022238569926648 -0.023691165855728512 -0.3556675453825423 -0.5799525511609009 -0.890161414176651 -1.3568166908750006 
20.650000000000066 0.6086448462535187 0.22631473145601938 -0.02055258791833966 -0.34619649531118585 -0.5684219271519315 -0.8780739529178354 -1.3470421823374485 
20.700000000000067 0.5952134364463741 0.22540510138322373 -0.0152127850542075 -0.33568745108965303 -0.5564663344824156 -0.866139634915666 -1.3377544557620793 
20.750000000000068 0.5857394496195971 0.22739590922837155 -0.007901672483589361 -0.3243843264060113 -0.5442720517181117 -0.8547313024395273 -1.3289692137509848 
20.800000000000068 0.5798448190820367 0.23179473961667704 0.0008928617057370289 -0.31250993467590643 -0.5320680418765176 -0.8437362783821134 -1.320730890397156 
20.85000000000007 0.5777040981677413 0.23815877571420369 0.010909695904986227 -0.3004578304747948 -0.520198374117534 -0.8331534339293456 -1.313219286136984 
20.90000000000007 0.5783287366321106 0.24621213656003257 0.02188204670928742 -0.2883496631243036 -0.5085482965446699 -0.8230268573122913 -1.3061999859909368 
20.95000000000007 0.5814253481528153 0.2556586243771952 0.03339915319980945 -0.2762666128036545 -0.4972072929712791 -0.8136306018916954 -1.2996650078620764 
21.00000000000007 0.5867084523785713 0.2661478699125233 0.0453435315246075 -0.2643349575545647 -0.48631275251470063 -0.8047866857660491 -1.293632380078003 
21.05000000000007 0.593990238649176 0.277433737524582 0.05752883987663123 -0.2528934568705015 -0.4761065426652851 -0.7964479087887701 -1.2882223776781214 
21.100000000000072 0.6027580271841646 0.28929341743565606 0.0697573847990007 -0.24189700368742342 -0.4663696845010086 -0.7886172129914681 -1.2832427790393617 
21.150000000000073 0.6127507562500222 0.3013609071984498 0.08162461564528212 -0.2313117461974007 -0.4571258874268216 -0.7814868688736601 -1.2786785884091956 
21.200000000000074 0.6237172950018105 0.3134628172784799 0.09327371325070155 -0.22118189628283053 -0.44844584802570897 -0.7748841120535341 -1.274534934880218 
21.250000000000075 0.6352209303835104 0.3255414721746783 0.10461507970810788 -0.21175058456780405 -0.440487604737704 -0.7687539126708958 -1.2708909151527241 
21.300000000000075 0.647154133501056 0.33747047407900155 0.11554417365506947 -0.20290220482395901 -0.43302832403571184 -0.7630843512954629 -1.2676005560400883 
21.350000000000076 0.6593304991760123 0.3489450280952817 0.12575339169465374 -0.19455853990970814 -0.42606363736541186 -0.7580065055307128 -1.2646495462649612 
21.400000000000077 0.6715834932929575 0.3599429055676124 0.13549394121114988 -0.18672261501924792 -0.4196286505194491 -0.7533779834296028 -1.2620374844605042 
21.450000000000077 0.6834482956337141 0.37053056794998945 0.14474204489669243 -0.17956199401794412 -0.4138263523260646 -0.7491493880700693 -1.2598156592689966 
21.500000000000078 0.6950964166601779 0.38066368015611746 0.15345500665723863 -0.17295407335876994 -0.4084688511135255 -0.7453055556353693 -1.2578798474311323 
21.55000000000008 0.7064381447463222 0.39012993337283364 0.16141808179075284 -0.16681854623462444 -0.4035424046968421 -0.7419333384852776 -1.2562185829276078 
21.60000000000008 0.7174016754211169 0.3989827625228518 0.16888248739680856 -0.16114355653016557 -0.39906352517147625 -0.7389251257464875 -1.2548303737668212 
21.65000000000008 0.7276138917445161 0.40733129991578154 0.17585252266631385 -0.1560417505852911 -0.39509806457787217 -0.736242031468259 -1.2537470056318913 
21.70000000000008 0.7373581205138022 0.41517243748342536 0.18231480475048503 -0.15140832094037615 -0.3915014354195644 -0.7338705630527069 -1.2528981647400885 
21.75000000000008 0.7466105167735104 0.4223632427822131 0.18812214492278348 -0.14717477334322848 -0.3882585882810068 -0.7318673555011613 -1.252275424733329 
21.800000000000082 0.7553562963933055 0.42897631190901997 0.19348478376818073 -0.14332597735324507 -0.3853773134390163 -0.7301556942042576 -1.2518765303520032 
21.850000000000083 0.7633241884534399 0.43511715104349624 0.1984164309555881 -0.13993569391629784 -0.382898637900233 -0.7287076799922927 -1.251719223212305 
21.900000000000084 0.7707937032567707 0.44079755318265046 0.20291645443222156 -0.13692311280934877 -0.3807185414917232 -0.7275133149455661 -1.2517585648216811 
21.950000000000085 0.7777690708615103 0.44592325076579276 0.20688654560293349 -0.13423565529603876 -0.37882456718909446 -0.7266080767145163 -1.251989024638679 
22.000000000000085 0.7842585672272262 0.45056157424053367 0.2104878087515827 -0.13185981928718282 -0.37721996774040223 -0.7259396721091749 -1.2524078016028488 
22.050000000000086 0.7900709347978853 0.4548000603483828 0.21373530129385826 -0.12984333425392727 -0.375930294918903 -0.7254893014562034 -1.2530200702140235 
