# Interaction lenght for pion production with EBL photons (Dominguez 11) for protons 
# 
# Column 0: log_10 of energy (eV) 
# Column 1-7: log_10 of interaction lengths (Mpc) for z=0, 0.5, 1, 2, 3, 5 and 10 
# 
# 
16.0 9.510335647354285 8.02641429775087 7.3937750209099855 7.051224924675498 7.180043158758765 inf inf 
16.05 9.087960286016065 7.78593966529022 7.221220808166726 6.930236645323676 7.068544089439196 inf inf 
16.1 8.74842233206773 7.57649065519862 7.068840344178625 6.815414843150187 6.957329097717547 inf inf 
16.150000000000002 8.458887461704547 7.3907442777030425 6.93080088585676 6.70421725715655 6.845481463358985 inf inf 
16.200000000000003 8.205384890254434 7.227294655899694 6.805310578918695 6.594307735216541 6.732859467754066 inf inf 
16.250000000000004 7.9740590422336215 7.082834507873941 6.68835960883281 6.482180786564233 6.619752675048396 inf inf 
16.300000000000004 7.775071587992269 6.952635278394367 6.57637727241505 6.368768400366186 6.509938409505411 inf inf 
16.350000000000005 7.601972359789087 6.831625519711673 6.464805781304579 6.255981734688219 6.404508255563785 inf inf 
16.400000000000006 7.449443664400881 6.716657594817484 6.353543926900343 6.145352889869107 6.303899292012948 inf inf 
16.450000000000006 7.311036481157849 6.605365226898666 6.2416565245328055 6.037189859226486 6.208228128571833 inf inf 
16.500000000000007 7.185287789561518 6.495396307648118 6.12924165679222 5.933627265048596 6.118417982809587 inf inf 
16.550000000000008 7.068158335304853 6.383505082755023 6.016021800259187 5.835555604431616 6.034347986169397 inf inf 
16.60000000000001 6.956283356525826 6.270032937271758 5.906085440310143 5.743093904880475 5.955975803318333 inf inf 
16.65000000000001 6.844638821954752 6.1571688937685005 5.8005320352691765 5.656082709728411 5.88357137927458 inf inf 
16.70000000000001 6.73332971563311 6.046447578953138 5.699894911137001 5.574862350968011 5.816967659949649 inf inf 
16.75000000000001 6.62140222297977 5.938330738566425 5.604080409182576 5.49944710035783 5.7560230383229705 inf inf 
16.80000000000001 6.5091962424782706 5.83462620819812 5.514140673011508 5.4297452027284505 5.7008373083675155 inf inf 
16.850000000000012 6.395862336936088 5.736422148398827 5.429952679515939 5.366110408919243 5.652001117228432 inf inf 
16.900000000000013 6.285802885660817 5.643838295349006 5.351449166099114 5.3083516349288375 5.608789110612866 inf inf 
16.950000000000014 6.180125293608916 5.55673274847046 5.278927352552133 5.256244173639485 5.57101262236653 inf inf 
17.000000000000014 6.079459804984935 5.475388757230911 5.2122156845276475 5.209743845372912 5.538543599328286 inf inf 
17.050000000000015 5.983500983803132 5.399859644379716 5.151170537280972 5.169510162304789 5.5113865066063505 inf inf 
17.100000000000016 5.893430852812433 5.330052220888767 5.095797926470028 5.134857747096063 5.488103882987435 inf inf 
17.150000000000016 5.8091241978835875 5.266252192024764 5.046863095827312 5.105025986499228 5.4680608961691215 inf inf 
17.200000000000017 5.730488690226731 5.20839089095168 5.003557630498358 5.079448448664888 5.450604640168944 inf inf 
17.250000000000018 5.6578489616636025 5.156185871681745 4.9656933467159625 5.058049915207935 5.434951348748404 inf inf 
17.30000000000002 5.591028918055195 5.109591933150253 4.933041381536479 5.039658192451929 5.419590267480087 inf inf 
17.35000000000002 5.529882896183416 5.069160117356556 4.905819276656516 5.023196600805702 5.403402588389899 inf inf 
17.40000000000002 5.474322879953961 5.034425067531869 4.882480610948953 5.007705668557695 5.385271525016198 inf inf 
17.45000000000002 5.4252891980261255 5.0045195131747136 4.862391257001479 4.992109485495247 5.364261156483573 inf inf 
17.50000000000002 5.381890114784051 4.978877160543723 4.844852320740186 4.975031086630997 5.3404177255597105 inf inf 
17.550000000000022 5.343937922636701 4.95734740767201 4.829192432804194 4.955537634773464 5.314104625618548 inf inf 
17.600000000000023 5.311102894416826 4.93892127479566 4.81384074283586 4.933190483209161 5.285788992431301 inf inf 
17.650000000000023 5.283815771556083 4.922438171247814 4.797679581235927 4.908004327230607 5.255980953400025 inf inf 
17.700000000000024 5.260421074360477 4.906940496916887 4.779613985200259 4.880591153825277 5.225046076374947 inf inf 
17.750000000000025 5.240285372983055 4.89135448709659 4.758658330823664 4.8514690171896975 5.192798872961871 inf inf 
17.800000000000026 5.222663816133791 4.874317239264461 4.734865919639492 4.821065124713746 5.158262700684643 inf inf 
17.850000000000026 5.206997337797688 4.8548755231294445 4.708596837890814 4.789546039184474 5.119295482068594 inf inf 
17.900000000000027 5.1916550304834255 4.832583506921756 4.680319893110844 4.756240990414907 5.074178773061555 inf inf 
17.950000000000028 5.175520364150636 4.807462925598274 4.65053648990506 4.719794443838067 5.021086849944715 inf inf 
18.00000000000003 5.15752019443903 4.7800870063661005 4.619624879567885 4.67844570662058 4.957838053211157 inf inf 
18.05000000000003 5.136619235070915 4.750995381185301 4.587408057253247 4.629313014830386 4.88123149360241 inf inf 
18.10000000000003 5.112877838188819 4.720615836863504 4.552965846722918 4.570615345249387 4.792438461756026 inf inf 
18.15000000000003 5.086652779573858 4.689122896848917 4.514098290893229 4.501122986636329 4.69221500754629 inf inf 
18.20000000000003 5.0584145349141565 4.655865256882909 4.4691062721935335 4.419929884880529 4.581684067672875 inf inf 
18.250000000000032 5.028655778586542 4.619489654491447 4.4161601932995 4.324459491668955 4.461782930054741 inf inf 
18.300000000000033 4.997767447943937 4.578237154867072 4.3533195391882185 4.217264479755536 4.339444167275938 inf inf 
18.350000000000033 4.965581027467987 4.529374890292363 4.276914048187412 4.102077150007178 4.2178961000194315 inf inf 
18.400000000000034 4.9312328697658865 4.470851828654023 4.188302071248911 3.982290233314694 4.0991271048857865 inf inf 
18.450000000000035 4.892465117843185 4.401542784387315 4.088222246763818 3.859146688388363 3.984154473253153 inf inf 
18.500000000000036 4.847598030586835 4.320527262435467 3.978191567165449 3.737686139995763 3.8759723905282555 inf inf 
18.550000000000036 4.794798169118762 4.22558052243738 3.8582851685647452 3.6208798139174916 3.7750768579864253 inf inf 
18.600000000000037 4.732367225240691 4.118500333356863 3.7358857870068873 3.509945603377076 3.6817762989992278 inf inf 
18.650000000000038 4.656163859064135 4.003365568407612 3.6142409131211033 3.4050772406235756 3.5966518256349045 inf inf 
18.70000000000004 4.567734048784684 3.883574426117956 3.4955720741939347 3.307763618614848 3.5199651468177913 inf inf 
18.75000000000004 4.467798844398823 3.760680914023944 3.380414915332681 3.2185135119316692 3.451635561916449 inf inf 
18.80000000000004 4.3582726249096835 3.6390759010373457 3.2720582575060106 3.1373975529401283 3.3918008318304964 inf inf 
18.85000000000004 4.238360915083372 3.5221178634826082 3.1709989283491864 3.065049150562902 3.34113250485779 inf inf 
18.90000000000004 4.115900345155863 3.411033146947475 3.0775455082691767 3.001393402279739 3.298362866159135 inf inf 
18.950000000000042 3.994157790595933 3.306096700171182 2.992244353480265 2.946036654844346 3.2630351392455887 inf inf 
19.000000000000043 3.8755900129457346 3.2086027541667765 2.9153952176464264 2.898702150805211 3.234912493236849 inf inf 
19.050000000000043 3.7602466956835428 3.1191862729779127 2.8469148289762094 2.8600232231247107 3.2141018482968717 inf inf 
19.100000000000044 3.6517140657361042 3.037915885320509 2.786811109543925 2.8289131731909527 3.198897896779103 inf inf 
19.150000000000045 3.550489758278753 2.965334631728666 2.736001773470446 2.80440488263784 3.188686676668879 inf inf 
19.200000000000045 3.4568824869167156 2.9015249044283973 2.6931021702505915 2.7859104026921617 3.183026490912007 inf inf 
19.250000000000046 3.3714036415049864 2.846025101101653 2.657654186575655 2.773511501304396 3.181693696478161 inf inf 
19.300000000000047 3.2943912485823033 2.7985571914839706 2.629286600207953 2.7659922763544555 3.1836666618069454 inf inf 
19.350000000000048 3.2257594229836584 2.759610123550865 2.608381394090364 2.762498641530374 3.1885974687002037 inf inf 
19.40000000000005 3.165385846275073 2.7283869872926423 2.5930911423716068 2.7625989124901134 3.1962171097194 inf inf 
19.45000000000005 3.1144351797967027 2.7037747027719146 2.582801155594473 2.7661942885412536 3.2063079821381697 inf inf 
19.50000000000005 3.071405397247582 2.6851844707187285 2.576996872389502 2.772630177038025 3.218504963017039 inf inf 
19.55000000000005 3.0358370274772324 2.672598548412098 2.5756068924690663 2.7815027468373597 3.232582453191029 inf inf 
19.60000000000005 3.007224443478744 2.66500998916976 2.577525972231022 2.7926238035305513 3.247890759270457 inf inf 
19.650000000000052 2.986224727983705 2.6614523789673923 2.582405631722955 2.805817665768646 3.263395663220049 inf inf 
19.700000000000053 2.9708482592378425 2.661492145898595 2.5899567195137805 2.8205482569969247 3.278870410099322 inf inf 
19.750000000000053 2.9604796115930836 2.6649911264199386 2.6000070317287562 2.8360672347568805 3.2941168186297 inf inf 
19.800000000000054 2.954531498257025 2.67138151649288 2.612163426661636 2.851790278709808 3.3089714700278052 inf inf 
19.850000000000055 2.953084465357786 2.6802098490305113 2.626203400400665 2.8670840300581086 3.3231249049150327 inf inf 
19.900000000000055 2.9549497981450625 2.6912868698366075 2.641516804486653 2.881970204476031 3.336858846173133 inf inf 
19.950000000000056 2.9597784541053054 2.7044417966638736 2.6570131707918656 2.8965199699339967 3.3499974106402015 inf inf 
20.000000000000057 2.967261200308248 2.7191470666532767 2.6724829182835768 2.910680014006838 3.362221850370145 inf inf 
20.050000000000058 2.9772710876802226 2.734650512395288 2.687726203486248 2.924073962455635 3.373278336207857 inf inf 
20.10000000000006 2.9893870396581583 2.750364180612141 2.7026221180794963 2.9365977094319593 3.3834669182997015 inf inf 
20.15000000000006 3.0033896358492265 2.7656976075691655 2.7167752938394223 2.9482751821847533 3.3927595016832814 inf inf 
20.20000000000006 3.018708118690372 2.7805815917414676 2.73051013123342 2.959103856689098 3.401152729139884 inf inf 
20.25000000000006 3.0341959796588114 2.7951302130402707 2.7436546113559235 2.968762109610678 3.4085712176769367 inf inf 
20.30000000000006 3.049660746836268 2.8092899735068784 2.7559312251546433 2.9774590448369067 3.4153243034047502 inf inf 
20.350000000000062 3.0649009206852105 2.8227312677320286 2.7669966773544425 2.985382077580109 3.421465736741266 inf inf 
20.400000000000063 3.0798379438851318 2.835263443175394 2.7771959275739553 2.9925945111263488 3.427012368016614 inf inf 
20.450000000000063 3.093990861464221 2.846949478270777 2.786499443994789 2.998982553561447 3.4319185954440563 inf inf 
20.500000000000064 3.107726591722277 2.8577878936921004 2.7949340308839217 3.0047323352139146 3.4363883684093124 inf inf 
20.550000000000065 3.1208769659941282 2.8674956121362323 2.80236066475138 3.009969321691075 3.440452327398826 inf inf 
20.600000000000065 3.1332055711267333 2.876202138609651 2.8091216094334746 3.01473865443499 3.4441083460941 inf inf 
20.650000000000066 3.1442799595405297 2.8841342277996485 2.8152704819247676 3.0189684414688194 3.447309740219581 inf inf 
20.700000000000067 3.1544898424975756 2.8913554368468706 2.8208440316333325 3.02276821556378 3.450182241864877 inf inf 
20.750000000000068 3.1638042562278352 2.8977762072904927 2.8257556865499387 3.0262057622837872 3.45274037818674 inf inf 
20.800000000000068 3.1722800723480806 2.903532489958651 2.830230683579096 3.029299022048997 3.454979598527253 inf inf 
20.85000000000007 3.1797148268282243 2.9087755972099387 2.8342997207131795 3.0319895115199365 3.456867993736134 inf inf 
20.90000000000007 3.1864836069042175 2.913550744156857 2.8379741174501065 3.0343470381801825 3.4584928928350167 inf inf 
20.95000000000007 3.1926398965092977 2.9178019114000975 2.8411798074818546 3.0364167636697044 3.4598665241467184 inf inf 
21.00000000000007 3.1982402870164433 2.9216063539284756 2.844056587418542 3.038211121242186 3.4609889554980167 inf inf 
21.05000000000007 3.203157354171463 2.9250485150878953 2.8466189957090915 3.0396932351658177 3.4618423430213006 inf inf 
21.100000000000072 3.207637560712964 2.928146358994751 2.8488716173415987 3.040913945186057 3.4624852676053446 inf inf 
21.150000000000073 3.2117116619664805 2.9308522486518576 2.8507637542762856 3.0419053555447593 3.4629278754103296 inf inf 
21.200000000000074 3.2154043869759676 2.93321377367949 2.852392378768561 3.0426768501306296 3.463172784157911 inf inf 
21.250000000000075 3.218614361503732 2.935287489476605 2.853769709059499 3.043208556070583 3.4632135375790924 inf inf 
21.300000000000075 3.221495408452476 2.9370858278502574 2.8549017059689423 3.0435356893511907 3.463085846347605 inf inf 
21.350000000000076 3.2240620775328215 2.9385790694089087 2.8557583560025 3.0436801072024906 3.462796128171139 inf inf 
21.400000000000077 3.2263280659320492 2.9398032419502496 2.8564045231376225 3.043649191045794 3.462346998112482 inf inf 
21.450000000000077 3.228223935099997 2.9407981160108605 2.856850348073357 3.0434343895595504 3.461736862951544 inf inf 
21.500000000000078 3.229856275598366 2.9415730733561034 2.857101838120717 3.0430565556402915 3.4609842209585615 inf inf 
21.55000000000008 3.231237295610796 2.9421125668223165 2.8571454495295754 3.042527336221334 3.4600926600952104 inf inf 
21.60000000000008 3.2323788344289346 2.9424427241685067 2.8570206220446246 3.041850709026084 3.459063525821468 inf inf 
21.65000000000008 3.233238739002697 2.942590158834049 2.8567337797348076 3.0410260427710356 3.457899304099614 inf inf 
21.70000000000008 3.233888140815977 2.9425622704538883 2.8562890953310545 3.04006355441653 3.4566011942135164 inf inf 
21.75000000000008 3.23433717511894 2.9423527314197333 2.8556816137518126 3.0389667693370175 3.455167090314719 inf inf 
21.800000000000082 3.234595230732156 2.941977632024936 2.8549316651110543 3.03773494258333 3.4535972083621087 inf inf 
21.850000000000083 3.234641693357993 2.941451197877765 2.854042830215106 3.036369688190242 3.4518991389429905 inf inf 
21.900000000000084 3.2345197228728324 2.940777377717958 2.8530166841932125 3.0348694001918806 3.450069139322406 inf inf 
21.950000000000085 3.234235749692238 2.939956221740198 2.8518551622651827 3.033234088272315 3.448107272103579 inf inf 
22.000000000000085 3.233795500603031 2.938996393443681 2.8505598335579507 3.0314646565299834 3.446018654825382 inf inf 
22.050000000000086 3.23319066647662 2.9379023261348625 2.849128672994769 3.029570611646154 3.44382021148224 inf inf 
