# Energy loss lenght for photopion production with CMB photons for protons 
# 
# Column 0: log_10 of energy (eV) 
# Column 1-7: log_10 of energy loss lengths (Mpc) for z=0, 0.5, 1, 2, 3, 5 and 10 
# 
# 
16.0 inf inf inf inf inf inf inf 
16.05 inf inf inf inf inf inf inf 
16.1 inf inf inf inf inf inf inf 
16.150000000000002 inf inf inf inf inf inf inf 
16.200000000000003 inf inf inf inf inf inf inf 
16.250000000000004 inf inf inf inf inf inf inf 
16.300000000000004 inf inf inf inf inf inf inf 
16.350000000000005 inf inf inf inf inf inf inf 
16.400000000000006 inf inf inf inf inf inf inf 
16.450000000000006 inf inf inf inf inf inf inf 
16.500000000000007 inf inf inf inf inf inf inf 
16.550000000000008 inf inf inf inf inf inf inf 
16.60000000000001 inf inf inf inf inf inf inf 
16.65000000000001 inf inf inf inf inf inf 265.62933369461484 
16.70000000000001 inf inf inf inf inf inf 241.83162495469625 
16.75000000000001 inf inf inf inf inf inf 220.216868298604 
16.80000000000001 inf inf inf inf inf inf 184.20729460542003 
16.850000000000012 inf inf inf inf inf inf 167.03426504324503 
16.900000000000013 inf inf inf inf inf inf 151.93221038325248 
16.950000000000014 inf inf inf inf inf 243.04704857400023 138.24196071908565 
17.000000000000014 inf inf inf inf inf 221.251198173979 116.0345456419012 
17.050000000000015 inf inf inf inf inf 201.5045419499823 104.85884529428981 
17.100000000000016 inf inf inf inf 266.65498464564854 183.5408443493956 95.22309041663101 
17.150000000000016 inf inf inf inf 242.96853658052987 153.14763400255634 86.51592564703468 
17.200000000000017 inf inf inf inf 203.18156927688577 139.27629059446062 72.99504683528838 
17.250000000000018 inf inf inf 244.0093227813868 184.58245121786254 126.75104499686233 65.59806436800504 
17.30000000000002 inf inf inf 222.18017760341834 168.05991599427875 115.36809538594933 59.40899271994022 
17.35000000000002 inf inf inf 202.42434030834565 153.06912200908613 96.43851403532756 53.84585285874581 
17.40000000000002 inf inf 267.57936004263667 184.45634290069188 128.42807232376128 87.55025552117783 45.80888576124685 
17.45000000000002 inf inf 243.88632948493273 154.1099082099429 116.40970225441032 79.56838867730738 40.79884979362221 
17.50000000000002 inf inf 204.38620456271738 140.20527002389997 105.88449624536625 72.32859757299354 36.786899103852676 
17.550000000000022 inf 244.9807785221057 185.52483013818545 127.67084335522567 96.36000204258902 60.6244146409704 33.20972919462592 
17.600000000000023 inf 223.11073143200346 168.9842913912669 116.28359393724553 81.24541587027656 54.880181017947585 28.61914848845207 
17.650000000000023 inf 203.344765291959 153.986914913489 97.40078824257218 73.37020436002138 49.766346770602 25.13129008243561 
17.700000000000024 268.50477826932547 185.37217573380084 129.63270760958798 88.47923495044148 66.62371557523646 45.14284604080194 22.495530944185262 
17.750000000000025 244.8046009603527 155.08136395066177 117.35208117473243 80.48818703526926 60.54590469354307 38.0020675059628 20.173429170429543 
17.800000000000026 215.9071079856621 141.1358238524851 106.80887164235217 73.24409612324578 51.44327527216638 34.243892967470046 17.622052281629784 
17.850000000000026 186.471012542863 128.591268338839 97.2777949469836 61.58668845149626 46.18441925008292 30.941680639597095 15.212790553020076 
17.900000000000027 169.90970961795568 117.1994267703544 82.45005101159578 55.80916020259165 41.824563138578824 27.97076706629605 13.457450608329005 
17.950000000000028 154.90518638890896 98.37224398310114 74.31258326922263 50.686144832701835 37.92386301095217 23.704965411926665 11.93394447166837 
18.00000000000003 140.86755886264683 89.40978877882839 67.5480909588247 46.058344160577676 32.61235253307393 21.204791577473568 10.438645302369496 
18.05000000000003 118.29826357940901 81.40861201844943 61.46369757479884 38.964282094448095 29.010864531457255 19.04838995239256 8.892156091185962 
18.10000000000003 107.73428986903848 74.15992895525108 52.64780395265542 35.172848709133476 26.158939042328587 17.12274327447098 7.724227330064315 
18.15000000000003 98.19606642239472 62.55814366113801 47.12679357397182 31.861459807836713 23.63367926880171 14.63146702007385 6.720224723212461 
18.20000000000003 89.5304893289222 56.73971375503882 42.7489352719543 28.886246234110967 20.644605630190124 12.950384700064097 5.7877694147401755 
18.250000000000032 75.25876566048734 51.606569496653 38.84165243538556 24.6658518682782 18.14795659371132 11.527369589822207 4.837602050596597 
18.300000000000033 68.47350917073308 46.97417653752111 33.81023316656225 22.13334937322921 16.255716068137033 10.26856014610885 4.074162042874429 
18.350000000000033 62.38196902548161 39.93565806614778 29.953037727999863 19.967922156338354 14.603351271981362 8.815830620862648 3.4160253880425677 
18.400000000000034 56.8604372580056 36.10337581858501 27.083209709296746 18.038027699603788 12.890869131920127 7.70160396125217 2.819782393534047 
18.450000000000035 48.07297043536302 32.781864086642415 24.55138975063395 15.584608637110305 11.24011254430709 6.762225819788545 2.2357074354626176 
18.500000000000036 43.67434989883923 29.802058577630334 21.776183049057803 13.87687135154668 9.979702364987437 5.936892347678684 1.7436210994518533 
18.550000000000036 39.759920191804966 25.635457435598372 19.08814400970138 12.445792314248752 8.891516647099472 5.070299798650012 1.3143703451108384 
18.600000000000037 36.22436210904607 23.06342807427695 17.179170720250188 11.183085214671328 7.848700496194097 4.350737128775754 0.9283169458775925 
18.650000000000038 30.898972157048757 20.888060147498454 15.520540063184677 9.753631719168844 6.8159307872382495 3.7365501303848556 0.5618298200047352 
18.70000000000004 28.008512445892737 18.953634291892573 13.903831634539236 8.623530348659672 5.988145930328052 3.196835614786494 0.24321780214363373 
18.75000000000004 25.46957315862442 16.54413609656189 12.17374494434142 7.678271196525616 5.273811735580462 2.6655938952594633 -0.03841577498988379 
18.80000000000004 23.188892029440172 14.804630301826256 10.90061226249652 6.849870475702828 4.615457602186481 2.2059321923782678 -0.29137619582251895 
18.85000000000004 20.031698062188973 13.364737887340876 9.807220293713426 5.994095216293802 3.9774364195717045 1.806259499251234 -0.5250616850511511 
18.90000000000004 18.103575605264382 12.097891333602615 8.797582901063402 5.267200973997645 3.4423345856037733 1.4524613115250289 -0.7303434467712204 
18.950000000000042 16.438166852468964 10.694356648740147 7.740174521338319 4.649525830916337 2.9761916884390978 1.1171480513685843 -0.9114608284442581 
19.000000000000043 14.95394754994749 9.546263188710581 6.905018075462341 4.1077709856669 2.5534059193896113 0.8206812591694038 -1.0716937185580973 
19.050000000000043 13.10960803404154 8.594682835520262 6.187135272465518 3.580676726494376 2.1538052808300554 0.5590580296921772 -1.2136745342934572 
19.100000000000044 11.822239773972365 7.763054745621305 5.539689540526056 3.1178936851460946 1.8076461893442075 0.3262831706104496 -1.336742693996146 
19.150000000000045 10.723270041112864 6.91887461082716 4.893817533204962 2.7163909558764563 1.502050262882466 0.11250614571408002 -1.4431806797251163 
19.200000000000045 9.751740379399033 6.184056570099891 4.355123069642609 2.3613894955443584 1.2261363170692232 -0.07635795031186611 -1.5347363554392082 
19.250000000000046 8.665447567419623 5.562707565076415 3.8869197832360456 2.027406950163136 0.9709109710682016 -0.24227541236944 -1.6120557785332779 
19.300000000000047 7.822307691738239 5.0188315910082775 3.46752221661428 1.7295652458762159 0.74655300705994 -0.3880068753398042 -1.6775923368852537 
19.350000000000048 7.100680652089459 4.496070528771901 3.0651071235407734 1.467001780311078 0.5481041101141549 -0.5160415161966317 -1.7328739369303485 
19.40000000000005 6.464949584302113 4.030018507309709 2.7172778866091387 1.2335398356844427 0.3714478593028624 -0.6266864395714065 -1.7790176708146699 
19.45000000000005 5.810585288655482 3.6266213689600124 2.4105743181228596 1.0199417713100363 0.21374277113113258 -0.7218702657890936 -1.8162199651087885 
19.50000000000005 5.26810932475177 3.2703831188403205 2.135528830916998 0.8304075844203117 0.07647761021966733 -0.8034307610497629 -1.8467495508524456 
19.55000000000005 4.797766038133657 2.9377687629777576 1.8791359052660137 0.6639773712780107 -0.042822307957472695 -0.8718142755168767 -1.8714226480447944 
19.60000000000005 4.381898618670916 2.6385135728487428 1.653959397851659 0.5178380199101348 -0.1460123622538249 -0.9292890803362392 -1.89077504959399 
19.650000000000052 3.9765472182243835 2.3749886977298442 1.4549006267145894 0.38951222447936923 -0.23399520340673313 -0.9775077553236643 -1.9047628420761007 
19.700000000000053 3.6269937756255493 2.1408268498468406 1.2781658003794107 0.2785214573688678 -0.3089216039656506 -1.0176684431864327 -1.9147537793832041 
19.750000000000053 3.319154110785315 1.9274108693399876 1.1199063834873904 0.18305461171379528 -0.3724529681336314 -1.049761303305347 -1.9211336842961375 
19.800000000000054 3.04499889485954 1.7371956733752807 0.9822089215062648 0.1012576077594505 -0.4257252357637449 -1.0755992587735648 -1.9241736576304218 
19.850000000000055 2.7874098972934642 1.570245782597996 0.8625604784354 0.03252886023873457 -0.4691974246600177 -1.0961367834340658 -1.9239171171484084 
19.900000000000055 2.5613987405051724 1.4236939137331828 0.7590058139012426 -0.025120105528539244 -0.5051989344768906 -1.111952771377949 -1.9211668890358573 
19.950000000000056 2.3617201556645253 1.2950741355391415 0.6707497123619237 -0.07348709110781862 -0.5346759204628431 -1.1228882363163972 -1.916208834515659 
20.000000000000057 2.184905600716321 1.1837346793626575 0.5955973592029299 -0.11377596636497124 -0.558191088786868 -1.1300011236944842 -1.9093110664074375 
20.050000000000058 2.026084544940501 1.087982900257953 0.5318757918174161 -0.1461104778643959 -0.575874045397171 -1.1338028234514543 -1.900763466909298 
20.10000000000006 1.8879500809213805 1.005948073694145 0.47828990475382094 -0.17203905210567427 -0.5891715040775437 -1.134612250760502 -1.8909690810420947 
20.15000000000006 1.7679499590395134 0.9368726409945785 0.4346842248936536 -0.19265803270453 -0.5985208422257413 -1.1324570888229817 -1.8801787213366656 
20.20000000000006 1.6640279908933255 0.8790489911564836 0.3985673139107513 -0.20854841779480482 -0.6041754021510578 -1.1279843286413616 -1.8686575005779031 
20.25000000000006 1.5754970157766954 0.8305333600684354 0.3689889305622329 -0.2196339763194598 -0.6062214435987838 -1.121551506592021 -1.8568161778300547 
20.30000000000006 1.5001176379210548 0.7901160897927173 0.3452732321347263 -0.2268031953390694 -0.6055075833515895 -1.1134345969952475 -1.8447133213967433 
20.350000000000062 1.4362051482745741 0.757539741653529 0.3275173418343743 -0.23065792523895376 -0.6023269275020247 -1.103938904470623 -1.8325161534846721 
20.400000000000063 1.3823048217209646 0.73152054854394 0.3141528694469009 -0.2315175099037027 -0.5969302624290096 -1.093409994885104 -1.8204144886666846 
20.450000000000063 1.3385654397202638 0.7108201441859441 0.3047411621869266 -0.229444629336309 -0.5895897331197383 -1.0820895535317343 -1.8087743980754538 
20.500000000000064 1.302333011276996 0.6948554180155553 0.2989664555233524 -0.225008886048727 -0.580768367326358 -1.0702003980859807 -1.7974296963258085 
20.550000000000065 1.2726531790589923 0.6836199564800646 0.29687302127329646 -0.21861050818033992 -0.5707273476932739 -1.058163733695833 -1.786453484846279 
20.600000000000065 1.2487369881013572 0.6763945040598346 0.2975422158965397 -0.21052542268595545 -0.5597491650726141 -1.0460492871440452 -1.7759459986169763 
20.650000000000066 1.230908223669768 0.6724868498165875 0.3006807938339285 -0.20105437261459896 -0.5482185410636445 -1.0339618258852297 -1.7661714900794243 
20.700000000000067 1.2174768138626235 0.6715772197437918 0.3060205966980607 -0.19054532839306615 -0.5362629483941287 -1.0220275078830603 -1.756883763504055 
20.750000000000068 1.2080028270358467 0.6735680275889397 0.31333170926867876 -0.1792422037094243 -0.5240686656298246 -1.0106191754069216 -1.7480985214929605 
20.800000000000068 1.202108196498286 0.6779668579772452 0.3221262434580051 -0.16736781197931955 -0.5118646557882306 -0.9996241513495077 -1.7398601981391315 
20.85000000000007 1.1999674755839906 0.6843308940747719 0.3321430776572544 -0.15531570777820788 -0.4999949880292469 -0.9890413068967399 -1.7323485938789596 
20.90000000000007 1.20059211404836 0.6923842549206007 0.3431154284615556 -0.14320754042771675 -0.48834491045638295 -0.9789147302796856 -1.7253292937329126 
20.95000000000007 1.2036887255690647 0.7018307427377634 0.3546325349520776 -0.13112449010706756 -0.4770039068829922 -0.9695184748590898 -1.7187943156040522 
21.00000000000007 1.2089718297948207 0.7123199882730914 0.36657691327687564 -0.1191928348579778 -0.46610936642641376 -0.9606745587334434 -1.7127616878199785 
21.05000000000007 1.2162536160654254 0.72360585588515 0.3787622216288994 -0.10775133417391457 -0.4559031565769982 -0.9523357817561644 -1.7073516854200972 
21.100000000000072 1.225021404600414 0.7354655357962242 0.39099076655126885 -0.09675488099083647 -0.4461662984127216 -0.9445050859588624 -1.7023720867813374 
21.150000000000073 1.2350141336662714 0.7475330255590179 0.4028579973975504 -0.08616962350081371 -0.4369225013385346 -0.9373747418410544 -1.6978078961511713 
21.200000000000074 1.2459806724180598 0.7596349356390482 0.4145070950029697 -0.07603977358624361 -0.4282424619374219 -0.9307719850209283 -1.6936642426221935 
21.250000000000075 1.2574843077997597 0.7717135905352464 0.425848461460376 -0.066608461871217 -0.420284218649417 -0.9246417856382901 -1.6900202228946997 
21.300000000000075 1.2694175109173051 0.7836425924395697 0.43677755540733765 -0.05776008212737216 -0.4128249379474248 -0.9189722242628572 -1.686729863782064 
21.350000000000076 1.2815938765922614 0.7951171464558497 0.4469867734469219 -0.049416417213121226 -0.4058602512771249 -0.9138943784981071 -1.683778854006937 
21.400000000000077 1.2938468707092068 0.8061150239281805 0.45672732296341806 -0.04158049232266099 -0.39942526443116216 -0.9092658563969972 -1.6811667922024798 
21.450000000000077 1.3057116730499634 0.8167026863105575 0.4659754266489605 -0.0344198713213573 -0.39362296623777754 -0.9050372610374635 -1.6789449670109722 
21.500000000000078 1.3173597940764272 0.8268357985166855 0.4746883884095067 -0.02781195066218308 -0.3882654650252386 -0.9011934286027636 -1.6770091551731081 
21.55000000000008 1.3287015221625715 0.8363020517334018 0.482651463543021 -0.021676423538037577 -0.3833390186085551 -0.8978212114526718 -1.6753478906695836 
21.60000000000008 1.3396650528373664 0.8451548808834198 0.49011586914907673 -0.016001433833578767 -0.3788601390831894 -0.8948129987138819 -1.673959681508797 
21.65000000000008 1.3498772691607654 0.8535034182763496 0.497085904418582 -0.010899627888704135 -0.37489467848958524 -0.8921299044356532 -1.672876313373867 
21.70000000000008 1.3596214979300516 0.8613445558439935 0.5035481865027532 -0.006266198243789299 -0.3712980493312775 -0.8897584360201012 -1.6720274724820643 
21.75000000000008 1.3688738941897598 0.8685353611427813 0.5093555266750516 -0.0020326506466416196 -0.36805520219271975 -0.8877552284685556 -1.6714047324753047 
21.800000000000082 1.377619673809555 0.8751484302695881 0.5147181655204489 0.001816145343341851 -0.36517392735072934 -0.886043567171652 -1.6710058380939787 
21.850000000000083 1.3855875658696892 0.8812892694040644 0.5196498127078563 0.005206428780288992 -0.36269525181194606 -0.884595552959687 -1.6708485309542809 
21.900000000000084 1.39305708067302 0.8869696715432185 0.5241498361844896 0.008219009887238183 -0.36051515540343626 -0.8834011879129604 -1.670887872563657 
21.950000000000085 1.4000324482777597 0.8920953691263609 0.5281199273552016 0.01090646740054811 -0.35862118110080754 -0.8824959496819107 -1.6711183323806544 
22.000000000000085 1.4065219446434756 0.8967336926011018 0.5317211905038508 0.013282303409404008 -0.3570165816521153 -0.8818275450765691 -1.6715371093448246 
22.050000000000086 1.4123343122141345 0.9009721787089509 0.5349686830461264 0.015298788442659559 -0.35572690883061603 -0.8813771744235978 -1.672149377955999 
