# Energy loss lenght for pair production with EBL photons (Dominguez 11) for protons 
# 
# Column 0: log_10 of energy (eV) 
# Column 1-7: log_10 of energy loss lengths (Mpc) for z=0, 0.5, 1, 2, 3, 5 and 10 
# 
# 
16.0 7.77572261708619 7.209152136649302 6.929477063225348 6.828856185625258 7.015697068617356 inf inf 
16.05 7.746969648092798 7.181724778594067 6.900555168832076 6.789905175345347 6.959777186356766 inf inf 
16.1 7.718947760679595 7.1539938424522695 6.870075820189703 6.745207023815665 6.894745033074688 inf inf 
16.150000000000002 7.691389918560259 7.125547895962228 6.837205340344011 6.693207219363054 6.820197353047838 inf inf 
16.200000000000003 7.6640224605209974 7.095850291847596 6.800828840354048 6.632582802945877 6.736612576850248 inf inf 
16.250000000000004 7.636540519963756 7.06417599787386 6.75955086929247 6.56257526090036 6.64531071616847 inf inf 
16.300000000000004 7.608582846485653 7.029545826423174 6.71180816410597 6.483241117005011 6.548212278093145 inf inf 
16.350000000000005 7.579692994867348 6.990694865453395 6.6560900014314255 6.395517388368305 6.44750360537904 inf inf 
16.400000000000006 7.549263123422119 6.946128748498498 6.5912736759819195 6.30106772443463 6.345334144299131 inf inf 
16.450000000000006 7.516465762938035 6.894291896871338 6.5169360779911365 6.201979254697374 6.243620656494832 inf inf 
16.500000000000007 7.48019260617919 6.8338533856148445 6.433534923312367 6.100435627623561 6.143948241831639 inf inf 
16.550000000000008 7.439052913747715 6.76404035823028 6.342373941434432 5.998469244963471 6.047546938136415 inf inf 
16.60000000000001 7.391483914661568 6.684891332406682 6.245365118554683 5.8978191040993355 5.955326936919018 inf inf 
16.65000000000001 7.3359681571567 6.597326105138699 6.144694173534446 5.799875298733182 5.867912384208788 inf inf 
16.70000000000001 7.271368601789843 6.502996017510163 6.042515529309456 5.7056910199046165 5.785702830561121 inf inf 
16.75000000000001 7.197242210530182 6.40398271446189 5.940754030483196 5.616017624388206 5.708914599690709 inf inf 
16.80000000000001 7.114025828316916 6.302470526384057 5.841003829341624 5.531355156186521 5.637620657532912 inf inf 
16.850000000000012 7.023006714588673 6.20049650245292 5.744503233097848 5.452002683073573 5.5717907064104475 inf inf 
16.900000000000013 6.926088184324407 6.099806294639331 5.652169830122111 5.37809864303435 5.511312374112576 inf inf 
16.950000000000014 6.825455263379848 6.001797153416251 5.564633503847371 5.309660965526719 5.456015393005383 inf inf 
17.000000000000014 6.723267363257964 5.907528711131133 5.48229838030284 5.246616317135679 5.405691372579279 inf inf 
17.050000000000015 6.621457479448407 5.817758129102465 5.405384259588112 5.188822730511058 5.360109476915652 inf inf 
17.100000000000016 6.52162890873408 5.732990014650163 5.3339665033447465 5.13609116261605 5.319023238739031 inf inf 
17.150000000000016 6.425028316564726 5.653527181600936 5.268016629542627 5.088203019786042 5.282186747055546 inf inf 
17.200000000000017 6.332580764614112 5.579511024330892 5.2074234608329855 5.044920665888698 5.249360480957786 inf inf 
17.250000000000018 6.244921928963027 5.5109616077410495 5.15201743699709 5.005999350970923 5.220311122689766 inf inf 
17.30000000000002 6.162460548904769 5.447807314278985 5.101590499324727 4.97119788702866 5.194812571071057 inf inf 
17.35000000000002 6.085419923437458 5.389907399850383 5.0559119971351185 4.940281228542051 5.172645433761682 inf inf 
17.40000000000002 6.013877820019507 5.337073638806976 5.014735293696919 4.913020958551098 5.153598838168591 inf inf 
17.45000000000002 5.947807574913824 5.289087925008784 4.977814191933487 4.889195452748998 5.1374717750046175 inf inf 
17.50000000000002 5.88709920259467 5.245712977926846 4.944908904980072 4.868590598458697 5.124073262859081 inf inf 
17.550000000000022 5.831583843817874 5.206704059338775 4.9157858405823704 4.851001382959261 5.113224051414796 inf inf 
17.600000000000023 5.78105376351524 5.171819865041919 4.890218648945039 4.836232591162057 5.104756713016271 inf inf 
17.650000000000023 5.735278487749541 5.140825236003332 4.86798766392525 4.8240998035962015 5.098513494352368 inf inf 
17.700000000000024 5.694011201675443 5.113491617402492 4.848881722941855 4.814430325255391 5.094353666487667 inf inf 
17.750000000000025 5.657005414219259 5.089597257805873 4.832699536426227 4.807061918569062 5.092140557230105 inf inf 
17.800000000000026 5.624021065596864 5.06892787811674 4.819249818015818 4.801845982120348 5.091751005856882 inf inf 
17.850000000000026 5.594824282934477 5.051278268983657 4.808353018785047 4.798644015960431 5.0930719204087005 inf inf 
17.900000000000027 5.5691884624754335 5.036453015448265 4.79984147276018 4.797326422513644 5.095998178353155 inf inf 
17.950000000000028 5.546893659628884 5.024267460655342 4.793557033864958 4.797775334358481 5.100431882276924 inf inf 
18.00000000000003 5.527728417850261 5.014548667149366 4.789358862558006 4.7998818503967575 5.10628469335284 inf inf 
18.05000000000003 5.511491163915284 5.007134207342535 4.787109985042367 4.803544567683071 5.1134724302067545 inf inf 
18.10000000000003 5.497990303713377 5.001875119322359 4.786687013629943 4.808670565427838 5.121918859181751 inf inf 
18.15000000000003 5.487045987416595 4.998632829452847 4.7879766759627485 4.81517363629738 5.131555031966155 inf inf 
18.20000000000003 5.478490308784333 4.997277459781319 4.7908736899558715 4.822973628651306 5.142311843669428 inf inf 
18.250000000000032 5.472164727693638 4.997690934402917 4.795279950663495 4.831998131212535 5.154128723602405 inf inf 
18.300000000000033 5.467928292537821 4.999764187883594 4.801107026181889 4.842178071495262 5.166949191634071 inf inf 
18.350000000000033 5.465643727095955 5.003395670933475 4.808270568173942 4.853448671186567 5.180721067674942 inf inf 
18.400000000000034 5.465187416007987 5.008492261278638 4.816694185593158 4.865751425603981 5.1953950300447005 inf inf 
18.450000000000035 5.466445905909163 5.014967669369263 4.826308929373791 4.879032041742118 5.210925537041015 inf inf 
18.500000000000036 5.469313754668809 5.022741579417557 4.837045519125032 4.893239773406473 5.227270261584541 inf inf 
18.550000000000036 5.473692649598274 5.031741423504567 4.848843298602388 4.908327195962792 5.244389556875899 inf inf 
18.600000000000037 5.47949406531621 5.041898139986577 4.861645697985311 4.924250383495199 5.262247354136944 inf inf 
18.650000000000038 5.486633486437318 5.0531467706836235 4.8754004776091415 4.940968330925282 5.280809433225226 inf inf 
18.70000000000004 5.495034364518872 5.065428726756587 4.890058238493375 4.9584431895144645 5.300044474873738 inf inf 
18.75000000000004 5.5046277493092965 5.078689625248788 4.905573373090376 4.9766397977012415 5.319923501019585 inf inf 
18.80000000000004 5.5153441851080975 5.0928786617666875 4.921903500331287 4.9955253729741305 5.340419114813304 inf inf 
18.85000000000004 5.527122930078799 5.107948333179 4.939008901132045 5.0150697644616935 5.361505959132813 inf inf 
18.90000000000004 5.53990732473769 5.123854646721602 4.956853469534913 5.035244771203639 5.383160862558192 inf inf 
18.950000000000042 5.553645069806438 5.140556542742641 4.975402927731575 5.056023994602759 5.405361438536489 inf inf 
19.000000000000043 5.568286689064254 5.158016097135283 4.994625909527353 5.077383172376376 5.428086879610585 inf inf 
19.050000000000043 5.583786509169203 5.176198111022636 5.014493405365698 5.099299513649854 5.45131817087589 inf inf 
19.100000000000044 5.600102095096591 5.195069741508318 5.034977978436687 5.121751400284216 5.475036988193437 inf inf 
19.150000000000045 5.617193655606412 5.214600788708061 5.056054228053545 5.144718918102584 5.499226050579287 inf inf 
19.200000000000045 5.635025047575593 5.234763019348579 5.077698967143873 5.168183389824329 5.523868974288999 inf inf 
19.250000000000046 5.653561935642541 5.255529992825584 5.099889778508241 5.192127005550985 5.548950716877676 inf inf 
19.300000000000047 5.672772906772158 5.27687740052103 5.122605819298518 5.216532916028291 5.57445705156409 inf inf 
19.350000000000048 5.692628919952262 5.298782435972079 5.145828060884493 5.241385397350701 5.600373862281103 inf inf 
19.40000000000005 5.713102498496791 5.321223448592445 5.1695381586052775 5.266669818998572 5.626687814058329 inf inf 
19.45000000000005 5.734168198265517 5.344180486247031 5.193718814216877 5.292372004438463 5.653387290530135 inf inf 
19.50000000000005 5.75580281653603 5.367634857663833 5.21835361793168 5.3184781994457975 5.680459896450054 inf inf 
19.55000000000005 5.777983905535621 5.3915687312443685 5.243427510928228 5.344975942052851 5.707894646283998 inf inf 
19.60000000000005 5.800690587126983 5.415965239548184 5.268926264091285 5.371853211277039 5.735680674332073 inf inf 
19.650000000000052 5.8239038189681045 5.440808630532103 5.294835746982963 5.399098313134493 5.76380774817575 inf inf 
19.700000000000053 5.8476052359244095 5.466084256231687 5.3211425905347856 5.426700315596174 5.792266100617778 inf inf 
19.750000000000053 5.871777522530199 5.4917779383295215 5.347835193733134 5.454648662664823 5.821046323092644 inf inf 
19.800000000000054 5.896404243037057 5.517875907262967 5.3749011339413375 5.482933350164855 5.850139424271309 inf inf 
19.850000000000055 5.921470322290079 5.544365663471548 5.402329423304483 5.511544785044711 5.879536837465082 inf inf 
19.900000000000055 5.946961528821659 5.571235203859174 5.430109183922709 5.540473761070529 5.909230153328023 inf inf 
19.950000000000056 5.972863717862131 5.598472804245003 5.45823017434682 5.56971149782526 5.939211559606412 inf inf 
20.000000000000057 5.999163486379175 5.6260675305333825 5.486682620455523 5.5992494988740615 5.969473275469497 inf inf 
20.050000000000058 6.02584924861735 5.654008813497555 5.515457105688179 5.629079652468613 6.000008164203068 inf inf 
20.10000000000006 6.052908554657644 5.6822866392530145 5.544544630406458 5.6591941531354095 6.030809030554807 inf inf 
20.15000000000006 6.08033041431642 5.7108914073753905 5.573936625048957 5.689585541555356 6.061868980516298 inf inf 
20.20000000000006 6.108103937534281 5.7398139030137445 5.603624668647394 5.7202466499484395 6.093181724402317 inf inf 
20.25000000000006 6.136218873858414 5.76904533674298 5.633600948544511 5.751170422658172 6.124740718491496 inf inf 
20.30000000000006 6.1646654422617715 5.79857720923612 5.6638576713935285 5.782350270685803 6.1565401247395855 inf inf 
20.350000000000062 6.193434218213313 5.8284013959292755 5.69438770155281 5.813779768467277 6.188573718303514 inf inf 
20.400000000000063 6.222516193792921 5.858510091200469 5.725183838278157 5.845452729363001 6.220836310506771 inf inf 
20.450000000000063 6.251902796568364 5.888895821843741 5.756239175716155 5.8773631076543715 6.253321935510532 inf inf 
20.500000000000064 6.281585593994933 5.919551421562547 5.78754742930675 5.90950520467847 6.286025662267535 inf inf 
20.550000000000065 6.3115567730032645 5.950469828730698 5.819102041499402 5.941873432600448 6.318942277201947 inf inf 
20.600000000000065 6.341808527782968 5.98164444114584 5.850897182143559 5.974462340948461 6.352066833687322 inf inf 
20.650000000000066 6.3723337237504465 6.013068839283371 5.882926606086516 6.00726685676962 6.385394514721012 inf inf 
20.700000000000067 6.403125154688401 6.044736821006565 5.915185139910811 6.040281896984413 6.418920855446017 inf inf 
20.750000000000068 6.434175902950137 6.076642349764773 5.947666797901552 6.073502573487973 6.452641246617275 inf inf 
20.800000000000068 6.465479689067258 6.108779703988115 5.980366654392756 6.1069242464530795 6.486551572217415 inf inf 
20.85000000000007 6.497029941723231 6.141143313372608 6.013279490729881 6.140542372157322 6.520647304419795 inf inf 
20.90000000000007 6.528820838614171 6.173727704993381 6.046400357976305 6.174352592887851 6.5549250807398 inf inf 
20.95000000000007 6.560846114375562 6.206527812175326 6.079724432270206 6.208350569689064 6.589380320030364 inf inf 
21.00000000000007 6.5931006107646075 6.239538546201418 6.113247251724627 6.242532369918078 6.624009204834617 inf inf 
21.05000000000007 6.625578322287277 6.272755016472649 6.14696419739185 6.276894021287439 6.658808423615063 inf inf 
21.100000000000072 6.658274328625884 6.3061725754700095 6.1808711617543235 6.311431308400358 6.693774280925859 inf inf 
21.150000000000073 6.691183406068567 6.3397866829816945 6.21496359411577 6.346140669718366 6.728903273980507 inf inf 
21.200000000000074 6.724300603375879 6.3735929703383265 6.249238155326638 6.3810186031241996 6.764192034616034 inf inf 
21.250000000000075 6.757621089858364 6.4075871083996265 6.283690250173319 6.416061506043613 6.799637341297721 inf inf 
21.300000000000075 6.791140406579366 6.441765138503921 6.318316051352501 6.4512659397303915 6.835235950530588 inf inf 
21.350000000000076 6.824853924935693 6.476123115122342 6.3531122545922 6.486628609170361 6.870984892212783 inf inf 
21.400000000000077 6.858757545860955 6.510656806882516 6.388075160851454 6.5221462777653665 6.906881097377027 inf inf 
21.450000000000077 6.8928466959069885 6.545362641071858 6.423201264856086 6.557815838481685 6.94292174052343 inf inf 
21.500000000000078 6.927118059132074 6.580237123964533 6.458487195609236 6.593634269003256 6.979103896512089 inf inf 
21.55000000000008 6.961567026327549 6.615276648954217 6.4939297321216145 6.629598622166181 7.015424989461935 inf inf 
21.60000000000008 6.9961897603934045 6.650477774523397 6.529525625644725 6.665706017775437 7.05188214759648 inf inf 
21.65000000000008 7.030982964281543 6.685837202484475 6.565271908047193 6.701953707768031 7.088472958580784 inf inf 
21.70000000000008 7.065942935372441 6.721351696932817 6.601165505673599 6.738338963631231 7.125194789836285 inf inf 
21.75000000000008 7.101066165915077 6.757018144879785 6.6372035950911945 6.774859142910935 7.162045284460791 inf inf 
21.800000000000082 7.13634928209159 6.792833526329504 6.67338324436167 6.811511721230727 7.199022242764804 inf inf 
21.850000000000083 7.171789063452865 6.828794888801694 6.709701883418894 6.848294197945725 7.236122884500183 inf inf 
21.900000000000084 7.207382256023203 6.864899354528591 6.746156631693809 6.8852043045128815 7.273345219166597 inf inf 
21.950000000000085 7.243125893628934 6.90114416770024 6.782745081115076 6.9222395433870165 7.310686786498602 inf inf 
22.000000000000085 7.2790168979500605 6.9375266065286825 6.819464594039694 6.959397529584235 7.34814585731365 inf inf 
22.050000000000086 7.315052447607805 6.974044018514899 6.856312810169738 6.996676029777988 7.3857199746012885 inf inf 
