# Energy loss lenght for pair production with CMB photons for protons 
# 
# Column 0: log_10 of energy (eV) 
# Column 1-7: log_10 of energy loss lengths (Mpc) for z=0, 0.5, 1, 2, 3, 5 and 10 
# 
# 
16.0 285.7653650146946 285.7653650146946 285.7653650146946 285.7653650146946 285.7653650146946 285.7653650146946 285.7653650146946 
16.05 285.7653650146946 285.7653650146946 285.7653650146946 285.7653650146946 285.7653650146946 285.7653650146946 285.7653650146946 
16.1 285.7653650146946 285.7653650146946 285.7653650146946 285.7653650146946 285.7653650146946 285.7653650146946 285.7653650146946 
16.150000000000002 285.7653650146946 285.7653650146946 285.7653650146946 285.7653650146946 285.7653650146946 285.7653650146946 7.471467067818644 
16.200000000000003 285.7653650146946 285.7653650146946 285.7653650146946 285.7653650146946 285.7653650146946 285.7653650146946 6.741250449689155 
16.250000000000004 285.7653650146946 285.7653650146946 285.7653650146946 285.7653650146946 285.7653650146946 285.7653650146946 6.0831223683278175 
16.300000000000004 285.7653650146946 285.7653650146946 285.7653650146946 285.7653650146946 285.7653650146946 285.7653650146946 5.489551838970102 
16.350000000000005 285.7653650146946 285.7653650146946 285.7653650146946 285.7653650146946 285.7653650146946 285.7653650146946 4.953838123514603 
16.400000000000006 285.7653650146946 285.7653650146946 285.7653650146946 285.7653650146946 285.7653650146946 8.397687177653832 4.470015216989144 
16.450000000000006 285.7653650146946 285.7653650146946 285.7653650146946 285.7653650146946 285.7653650146946 7.660449724451949 4.032769025418873 
16.500000000000007 285.7653650146946 285.7653650146946 285.7653650146946 285.7653650146946 285.7653650146946 6.995056578661153 3.6373622592877957 
16.550000000000008 285.7653650146946 285.7653650146946 285.7653650146946 285.7653650146946 9.442405440949697 6.394109879103807 3.279568589825097 
16.60000000000001 285.7653650146946 285.7653650146946 285.7653650146946 285.7653650146946 8.649856387045448 5.851029091431267 2.9556147518043696 
16.65000000000001 285.7653650146946 285.7653650146946 285.7653650146946 285.7653650146946 7.934577070423866 5.359951346189492 2.662129003161546 
16.70000000000001 285.7653650146946 285.7653650146946 285.7653650146946 9.313225475687554 7.288959936856846 4.915646381904557 2.3960959339278762 
16.75000000000001 285.7653650146946 285.7653650146946 285.7653650146946 8.575237782959501 6.706076196999929 4.513441746188749 2.154817684503078 
16.80000000000001 285.7653650146946 285.7653650146946 285.7653650146946 7.909082291861926 6.179648200394998 4.149158200484146 1.9358792097295012 
16.850000000000012 285.7653650146946 285.7653650146946 10.38521100130408 7.307375858082761 5.704008916241347 3.819053894523849 1.7371177854506532 
16.900000000000013 285.7653650146946 285.7653650146946 9.585569802638387 6.763550335314022 5.274057350268259 3.519775369232336 1.556596889385802 
16.950000000000014 285.7653650146946 285.7653650146946 8.864706406089857 6.271752658511368 4.885210041946719 3.248314772961474 1.392581421236948 
17.000000000000014 285.7653650146946 10.229100329545041 8.21465667005201 5.826759784171014 4.533353664187818 3.001973135460279 1.2435174283396986 
17.050000000000015 285.7653650146946 9.49032080657904 7.628222451614485 5.423904154175355 4.214799746104783 2.7783278149015582 1.1080128936880602 
17.100000000000016 285.7653650146946 8.823363580566056 7.098924035420242 5.059009433706166 3.9262417870834256 2.575203683688193 0.9848201756654364 
17.150000000000016 11.331908496808277 8.220861022657337 6.6209426849045485 4.728335060671716 3.66471609562801 2.390648238556021 0.8728208860323357 
17.200000000000017 10.523847287816503 7.676257854144637 6.18906315872804 4.428527623812514 3.427567105417732 2.2229084512076236 0.7710124967185753 
17.250000000000018 9.796561036185034 7.183711015833762 5.798615398610688 4.156578398848407 3.2124153249185987 2.070410887367485 0.6784942352135408 
17.30000000000002 9.141537035836308 6.738004663371912 5.445419935593399 3.9097868746964606 3.017128778822651 1.9317436148734743 0.5944584357448872 
17.35000000000002 8.551195086347475 6.33447595839633 5.125737382425309 3.6857284353837194 2.839798127078449 1.805639248934397 0.518177712827885 
17.40000000000002 8.018785931055712 5.968951196587627 4.836221695126312 3.482225713372541 2.6787126020838907 1.6909600523238832 0.44899808138091324 
17.45000000000002 7.538297879752767 5.637690778605144 4.573878167093845 3.297323812627447 2.5323404848270346 1.5866848148779396 0.3863301963958466 
17.50000000000002 7.104375714125795 5.337340998356403 4.336026716270536 3.1292672959794787 2.3993100334476387 1.4918955646699983 0.32964189692120943 
17.550000000000022 6.712246403310806 5.064891922600163 4.120268301252655 2.976480327719494 2.278392177089217 1.4057677206351076 0.27845299502662324 
17.600000000000023 6.357653714963734 4.817641183797483 3.9244552024460253 2.837548663957829 2.16848567109069 1.3275591136747078 0.23232891651719567 
17.650000000000023 6.036800331676508 4.593161905455706 3.746665353484002 2.711202733884234 2.06860371775672 1.256601365081519 0.19087672089416427 
17.700000000000024 5.746295955355477 4.389274226285959 3.5851775658659184 2.59630274379802 1.9778598418027742 1.1922922592677032 0.15373997719237173 
17.750000000000025 5.483111649171228 4.204020636284109 3.4384515672785163 2.4918255655479977 1.895459774464679 1.1340879113838729 0.12059566976157576 
17.800000000000026 5.244540589449276 4.035643099855503 3.305108557029544 2.396851501599405 1.8206879502972575 1.0814971096485793 0.09115035271542471 
17.850000000000026 5.02816262275179 3.8825632185734738 3.183913587474528 2.310554328482866 1.7529015555075596 1.0340755306894838 0.06513735382882455 
17.900000000000027 4.831813174631735 3.743364301161315 3.0737604919411474 2.232190458081643 1.6915211987757615 0.9914210246430711 0.0423141240598866 
17.950000000000028 4.653556654749387 3.616774477466545 2.9736583875104476 2.1610901662207036 1.6360237957164303 0.953169078595846 0.022459826364023144 
18.00000000000003 4.4916608737560955 3.5016518029997608 2.8827172793677986 2.096650049675807 1.5859375630790142 0.9189890435773542 0.005373337840138075 
18.05000000000003 4.344576580896533 3.3969711534514953 2.8001400041489726 2.038325156995186 1.5408354375068634 0.8885807177225371 -0.009128930487351927 
18.10000000000003 4.210917602219123 3.3018110414217188 2.7252084687553535 1.9856232901691637 1.5003314703188793 0.8616711800756237 -0.021214597294953185 
18.15000000000003 4.089442878619945 3.2153435476828776 2.6572777332048254 1.9380992612904857 1.4640754469110955 0.838012206276147 -0.031037129892834144 
18.20000000000003 3.9790411449402345 3.1368236216649534 2.595766589193801 1.8953501157861166 1.4317501575797862 0.8173777989255121 -0.03873715510152848 
18.250000000000032 3.878717299810875 3.065580157705278 2.54015036245374 1.857010639231588 1.4030673379905472 0.7995620944987565 -0.04444387239100731 
18.300000000000033 3.7875777268375344 3.001008535503511 2.489955921900059 1.8227495283592277 1.3777650991271928 0.7843772831440976 -0.04827632703631922 
18.350000000000033 3.7048222903640027 2.9425627128269305 2.444755008728912 1.7922660058137212 1.3556052426274425 0.7716518422603287 -0.05034423443200686 
18.400000000000034 3.6297303093333797 2.8897494854951415 2.404160658595419 1.7652866231811521 1.3363709003928446 0.7612288575991804 -0.050749104554334644 
18.450000000000035 3.561654670989456 2.8421227847476263 2.3678217478414934 1.7415626804258253 1.3198645819397192 0.7529645294749339 -0.049584987782955066 
18.500000000000036 3.500012313741063 2.7992788378307547 2.3354202855056507 1.7208677504753611 1.3059059578068688 0.746726841813407 -0.046939053192816896 
18.550000000000036 3.4442769449249107 2.7608517177783467 2.3066673128429347 1.7029955777258543 1.2943304057090885 0.7423942341202274 -0.042892312425275005 
18.600000000000037 3.3939740632775335 2.726509457921687 2.281300329794547 1.6877580047306777 1.2849871254654746 0.7398546482389916 -0.037520104089321424 
18.650000000000038 3.348674196850092 2.6959506979455514 2.2590805984805575 1.6749831893523681 1.2777379344846673 0.7390045361459036 -0.03089248446312906 
18.70000000000004 3.307989351663077 2.668901455826195 2.2397907696324286 1.6645139360840022 1.2724558073111196 0.7397479653829269 -0.02307479844025738 
18.75000000000004 3.2715674838735955 2.6451125507955835 2.223232932752874 1.6562061876264205 1.2690236559712527 0.7419960214679754 -0.014127873739349064 
18.80000000000004 3.239089812415031 2.6243571219505157 2.2092263801444547 1.6499276998489734 1.2673335707706792 0.7456661396612916 -0.004108361520027134 
18.85000000000004 3.2102666770625294 2.6064285181950764 2.1976061603917354 1.6455567091596748 1.2672856287049425 0.7506815316370968 0.0069307683720722735 
18.90000000000004 3.18483496106409 2.591138231681184 2.1882211768868776 1.6429809690720552 1.2687872481495186 0.7569707853790282 0.018940107151363045 
18.950000000000042 3.1625553824985766 2.5783140984347037 2.1809329872567176 1.6420967678992011 1.271752614891174 0.764467358274386 0.03187361699941809 
19.000000000000043 3.1432101073053826 2.567798639793811 2.175614336964931 1.6428080225681103 1.2761019332034773 0.773109244683469 0.04568824208198865 
19.050000000000043 3.126600802065425 2.559447539292154 2.172147928761053 1.645025679394796 1.2817610015201473 0.7828387162267609 0.0603437428997761 
19.100000000000044 3.1125463785157694 2.5531283234594655 2.1704256719044084 1.6486670499590232 1.2886608186287534 0.7936018614945977 0.07580249139857394 
19.150000000000045 3.100881554233056 2.5487190245443783 2.170347478719834 1.6536552308570396 1.2967369888193498 0.8053483334684987 0.09202921144769101 
19.200000000000045 3.0914549346775786 2.5461072068651847 2.171820617126163 1.6599187027853104 1.3059296086327663 0.8180312132832003 0.10899107048172307 
19.250000000000046 3.084127816478173 2.545188994346574 2.1747591399695514 1.667390828425715 1.3161828668819893 0.8316066766852965 0.1266571497928967 
19.300000000000047 3.078772715033028 2.545868152707468 2.179083129146603 1.6760095094113097 1.327444543947109 0.8460337415693123 0.14499846771048508 
19.350000000000048 3.0752721230305253 2.5480554885812383 2.1847182701633447 1.6857169327170318 1.33966597281101 0.861274096468486 0.16398790811718741 
19.40000000000005 3.073517768040323 2.551668189467044 2.191595462447026 1.696459112962109 1.352801804924157 0.8772918524026972 0.18359987101678132 
19.45000000000005 3.0734093972031356 2.5566292365630594 2.1996502143889343 1.7081856297255849 1.3668095955798827 0.8940535139460855 0.20381039403703927 
19.50000000000005 3.0748541275759713 2.5628670030267817 2.2088225355344377 1.7208494953672122 1.3816496920617465 0.9115276869757742 0.22459680969874865 
19.55000000000005 3.0777658787356006 2.570314756623943 2.219056538763041 1.7344068256525862 1.3972850045258065 0.9296848614870702 0.2459379581037674 
19.60000000000005 3.0820646099472713 2.5789103061115335 2.230299930112202 1.7488165806684068 1.4136807551152366 0.9484974271840243 0.26781364844840183 
19.650000000000052 3.0876758935971855 2.588595753705017 2.2425039734233327 1.764040395818889 1.4308046187294834 0.9679393984404514 0.2902049487398198 
19.700000000000053 3.0945305295966024 2.5993170399555705 2.2556232598784582 1.7800423345076497 1.4486260650968634 0.9879863595957636 0.3130940109432314 
19.750000000000053 3.102563930337292 2.611023670986225 2.2696152872026727 1.7967888500595282 1.4671165328920734 1.0086153200945145 0.3364636526628391 
19.800000000000054 3.111716018298167 2.623668590353129 2.2844403500098514 1.814248511419386 1.4862492890880472 1.0298046935842304 0.3602980015601423 
19.850000000000055 3.1219308303677096 2.6372078538165535 2.300061311351132 1.8323917677608703 1.505999052753098 1.0515340681809011 0.38458169873457365 
19.900000000000055 3.1331559982203334 2.651600363653995 2.316443343465838 1.8511909706553502 1.5263422094636414 1.0737841440766445 0.40930029038825677 
19.950000000000056 3.1453427165558137 2.666807702149382 2.3335540847579397 1.8706201046367097 1.54725636551447 1.0965367977721845 0.43444004982841744 
20.000000000000057 3.1584455162894423 2.682793885101841 2.351362965307163 1.890654719175483 1.5687206778875844 1.1197746914736761 0.45998770891314955 
20.050000000000058 3.172421837598358 2.69952531463452 2.3698413869127024 1.9112717987510068 1.5907151528773857 1.1434815497145931 0.48593099418859687 
20.10000000000006 3.187231922454214 2.7169705227702514 2.388962587442658 1.9324497243097172 1.6132211434793473 1.1676419383298657 0.5122578459491237 
20.15000000000006 3.2028385868317217 2.73509991790288 2.4087012525908347 1.9541680668165335 1.6362210079011734 1.192241118231107 0.5389570152728789 
20.20000000000006 3.2192069531247967 2.753885813517191 2.4290337436985636 1.9764074982963729 1.659697721460889 1.2172651863379604 0.5660176183903058 
20.25000000000006 3.236304623266045 2.7733021643318176 2.4499376360860348 1.999149874094209 1.6836356950475133 1.2427007638796925 0.5934293444121492 
20.30000000000006 3.254100987737165 2.793324485005697 2.4713920698892933 2.022377844344365 1.7080196573399313 1.2685352681683502 0.621182014071847 
20.350000000000062 3.272567411514806 2.8139297350784567 2.493377024842981 2.0460751028859816 1.732835371266209 1.2947566426208716 0.6492663566065753 
20.400000000000063 3.291677103395407 2.8350962628635736 2.515873833812613 2.0702262095848014 1.7580692438478502 1.3213533644151496 0.6776732014471826 
20.450000000000063 3.3114047157587487 2.8568036221832775 2.5388648431085206 2.0948164035978687 1.7837081222268092 1.3483144924354977 0.7063938851911422 
20.500000000000064 3.3317265857430303 2.879032456959221 2.5623329996490067 2.1198317683162666 1.809739942790542 1.3756295365605002 0.7354200037797703 
20.550000000000065 3.3526202577617936 2.9017646014203 2.5862627080806124 2.145258916408955 1.836152678736687 1.403288317409599 0.7647432343135084 
20.600000000000065 3.374064855120677 2.9249826936327974 2.610638676859212 2.171085241713829 1.862935275163662 1.431281256238253 0.7943560355700371 
20.650000000000066 3.3960403310573257 2.948670396835741 2.6354466561028875 2.197298687681381 1.8900769102130828 1.4595992229133155 0.8242509087872025 
20.700000000000067 3.4185279983484373 2.972812264910987 2.660673044504656 2.2238877107138406 1.917567394842765 1.4882333732815454 0.8544204852497459 
20.750000000000068 3.441510191416799 2.9973935153233424 2.6863046677071885 2.2508413652138963 1.9453965895710308 1.5171752591149317 0.8848581472700184 
20.800000000000068 3.4649698288677286 3.0224002179632965 2.7123294615198126 2.2781491474339095 1.973555428701329 1.54641654215769 0.915557182360892 
20.85000000000007 3.4888913090982894 3.0478189769468855 2.7387353801629213 2.3058008778336747 2.0020347369043914 1.5759494188731737 0.946511063596146 
20.90000000000007 3.513259320399762 3.073637162719828 2.7655113642482068 2.3337869544024517 2.0308259799061763 1.6057664394602256 0.9777136606585348 
20.95000000000007 3.5380596001088693 3.0998427187378903 2.7926465793787125 2.362098249914848 2.0599207852615518 1.6358601807649078 1.0091589957741032 
21.00000000000007 3.563278538600936 3.126424080702471 2.82013083591806 2.390725906529471 2.089310874409243 1.666223781890758 1.0408412506732059 
21.05000000000007 3.5889029400931385 3.153370298532537 2.847953973416648 2.4196614725913475 2.118988879330571 1.6968506216893244 1.0727548980543962 
21.100000000000072 3.6149207397965637 3.180670854899002 2.87610692836172 2.448896608584644 2.148947274136677 1.7277340893770008 1.1048944870592028 
21.150000000000073 3.64131987302138 3.20831557008173 2.904580512989231 2.4784234911972716 2.1791787588710765 1.758867939580349 1.1372548254780952 
21.200000000000074 3.6680892758941437 3.2362948189006944 2.9333661896697647 2.508234674208636 2.209676870652594 1.7902461705426955 1.1698309329537875 
21.250000000000075 3.695218101520313 3.264599477005784 2.962455584527366 2.5383227302939715 2.240434844615286 1.8218629160228181 1.2026178855725704 
21.300000000000075 3.7226961596552006 3.293220672919839 2.99184040130154 2.5686807802435703 2.271446226125304 1.8537125611681864 1.2356109562392865 
21.350000000000076 3.750513268965707 3.3221499515627158 3.021513274851883 2.5993022096800122 2.302704966769053 1.8857896505928242 1.2688056145880886 
21.400000000000077 3.7786603680981092 3.351378972149953 3.05146667536 2.630180401461886 2.334205111131387 1.9180889051988947 1.3021974130772405 
21.450000000000077 3.807128256900062 3.380899891682074 3.081693286543973 2.6613091015271344 2.3659408850184063 1.950605293267159 1.3357820777623017 
21.500000000000078 3.835908394390561 3.410705267487798 3.1121866512448686 2.692682306258985 2.3979068216675885 1.983333884503621 1.3695554594749864 
21.55000000000008 3.864992405257843 3.440787668080861 3.1429399988015767 2.724294145762477 2.430097484310379 2.0162698864213167 1.4035134873364592 
21.60000000000008 3.894371975617985 3.4711401960228905 3.1739468667615354 2.756138998571751 2.4625077469941252 2.049408717233767 1.4376522246017884 
21.65000000000008 3.9240397431845935 3.501756243661462 3.2052012048941725 2.7882114089081425 2.4951326652899266 2.0827459138232745 1.471967957221592 
21.70000000000008 3.953988174219386 3.5326291875207096 3.236697054405907 2.820506091118003 2.527967327889195 2.1162771468597072 1.5064571460866325 
21.75000000000008 3.984209936187319 3.5637527648866216 3.268428635146901 2.853018009590104 2.5610070592110943 2.149998238016095 1.5411159566074721 
21.800000000000082 4.014698577614865 3.5951209702834213 3.30039047985357 2.8857422335076492 2.594247366124961 2.1839050969983975 1.5759410558027032 
21.850000000000083 4.045447322066764 3.626727930173545 3.332577145875225 2.918673965447163 2.627683818775557 2.217993746054103 1.610929092992814 
21.900000000000084 4.076449699303704 3.658568016505473 3.364983503718795 2.9518086197345226 2.6613121849951 2.2522604046973145 1.6460766152472819 
21.950000000000085 4.107699657280394 3.6906357731025157 3.3976046083662452 2.985141732048437 2.6951283380343427 2.2867014898475904 1.681380702359744 
22.000000000000085 4.139191233835369 3.7229259077836723 3.4304355440724614 3.018668968879453 2.7291282255180764 2.321313279778393 1.712808699831613 
22.050000000000086 4.170918642887043 3.7554333810603233 3.463471631745909 3.052386149685424 2.763307947431878 2.356092242113536 1.7428086998316135 
