# Energy loss lenght for pion production with EBL photons (Dominguez 11) for protons 
# 
# Column 0: log_10 of energy (eV) 
# Column 1-7: log_10 of energy loss lengths (Mpc) for z=0, 0.5, 1, 2, 3, 5 and 10 
# 
# 
16.0 10.132599024770535 8.472586416111438 7.715008402662254 7.196367047372085 7.200246544847052 inf inf 
16.05 9.710223663432314 8.232111783650788 7.5424541899189945 7.075378768020263 7.088747475527483 inf inf 
16.1 9.370685709483977 8.022662773559189 7.390073725930893 6.960556965846774 6.977532483805834 inf inf 
16.150000000000002 9.081150839120797 7.836916396063611 7.252034267609028 6.849359379853137 6.865684849447272 inf inf 
16.200000000000003 8.827648267670684 7.6734667742602625 7.126543960670963 6.739449857913127 6.753062853842352 inf inf 
16.250000000000004 8.596322419649871 7.5290066262345094 7.0095929905850785 6.627322909260819 6.639956061136682 inf inf 
16.300000000000004 8.397334965408518 7.398807396754935 6.897610654167319 6.513910523062773 6.530141795593698 inf inf 
16.350000000000005 8.224235737205337 7.277797638072241 6.786039163056848 6.401123857384806 6.424711641652071 inf inf 
16.400000000000006 8.07170704181713 7.162829713178052 6.674777308652612 6.290495012565694 6.3241026781012355 inf inf 
16.450000000000006 7.933299858574099 7.051537345259234 6.562889906285073 6.182331981923073 6.22843151466012 inf inf 
16.500000000000007 7.807551166977767 6.941568426008685 6.450475038544488 6.078769387745183 6.138621368897874 inf inf 
16.550000000000008 7.690421712721101 6.829677201115591 6.3372551820114555 5.980697727128203 6.054551372257684 inf inf 
16.60000000000001 7.578546733942075 6.716205055632326 6.227318822062411 5.8882360275770615 5.976179189406619 inf inf 
16.65000000000001 7.466902199371002 6.603341012129069 6.121765417021444 5.801224832424998 5.903774765362867 inf inf 
16.70000000000001 7.355593093049359 6.492619697313706 6.021128292889269 5.720004473664597 5.837171046037936 inf inf 
16.75000000000001 7.24366560039602 6.384502856926993 5.925313790934845 5.644589223054417 5.776226424411257 inf inf 
16.80000000000001 7.131459619894519 6.280798326558688 5.8353740547637765 5.5748873254250375 5.721040694455802 inf inf 
16.850000000000012 7.018125714352337 6.182594266759395 5.751186061268207 5.511252531615829 5.672204503316719 inf inf 
16.900000000000013 6.908066263077067 6.0900104137095745 5.672682547851382 5.4534937576254245 5.628992496701153 inf inf 
16.950000000000014 6.802388671025166 6.002904866831028 5.600160734304401 5.401386296336072 5.5912160084548175 inf inf 
17.000000000000014 6.701723182401184 5.921560875591479 5.533449066279916 5.354885968069499 5.558746985416573 inf inf 
17.050000000000015 6.605764361219381 5.846031762740284 5.47240391903324 5.314652285001376 5.531589892694638 inf inf 
17.100000000000016 6.515694230228682 5.776224339249335 5.417031308222295 5.27999986979265 5.508307269075722 inf inf 
17.150000000000016 6.431387575299837 5.712424310385332 5.36809647757958 5.250168109195815 5.488264282257409 inf inf 
17.200000000000017 6.352752067642981 5.654563009312248 5.324791012250627 5.224590571361475 5.470808026257231 inf inf 
17.250000000000018 6.280112339079851 5.6023579900423135 5.286926728468231 5.203192037904521 5.455154734836691 inf inf 
17.30000000000002 6.213292295471445 5.555764051510821 5.254274763288747 5.184800315148515 5.439793653568374 inf inf 
17.35000000000002 6.152146273599666 5.515332235717124 5.227052658408783 5.168338723502289 5.423605974478186 inf inf 
17.40000000000002 6.096586257370211 5.480597185892437 5.203713992701221 5.152847791254282 5.405474911104485 inf inf 
17.45000000000002 6.047552575442375 5.450691631535281 5.183624638753748 5.137251608191833 5.38446454257186 inf inf 
17.50000000000002 6.004153492200301 5.425049278904291 5.166085702492454 5.120173209327584 5.360621111647998 inf inf 
17.550000000000022 5.96620130005295 5.403519526032579 5.1504258145564625 5.100679757470051 5.334308011706834 inf inf 
17.600000000000023 5.9333662718330755 5.385093393156228 5.135074124588128 5.078332605905748 5.305992378519587 inf inf 
17.650000000000023 5.906079148972332 5.368610289608382 5.118912962988196 5.053146449927194 5.276184339488312 inf inf 
17.700000000000024 5.882684451776726 5.353112615277455 5.100847366952527 5.025733276521864 5.245249462463233 inf inf 
17.750000000000025 5.862548750399305 5.337526605457159 5.079891712575932 4.996611139886284 5.213002259050157 inf inf 
17.800000000000026 5.84492719355004 5.320489357625029 5.05609930139176 4.966207247410333 5.1784660867729295 inf inf 
17.850000000000026 5.829260715213937 5.301047641490013 5.029830219643082 4.934688161881061 5.139498868156881 inf inf 
17.900000000000027 5.813918407899675 5.278755625282324 5.001553274863112 4.901383113111494 5.094382159149842 inf inf 
17.950000000000028 5.797783741566886 5.253635043958842 4.971769871657328 4.864936566534654 5.041290236033002 inf inf 
18.00000000000003 5.77978357185528 5.226259124726669 4.940858261320153 4.823587829317167 4.978041439299444 inf inf 
18.05000000000003 5.758882612487165 5.197167499545868 4.908641439005516 4.774455137526972 4.901434879690697 inf inf 
18.10000000000003 5.7351412156050685 5.1667879552240725 4.874199228475186 4.715757467945974 4.812641847844313 inf inf 
18.15000000000003 5.708916156990107 5.135295015209485 4.835331672645498 4.646265109332916 4.712418393634577 inf inf 
18.20000000000003 5.680677912330406 5.1020373752434764 4.790339653945802 4.565072007577116 4.601887453761162 inf inf 
18.250000000000032 5.650919156002791 5.065661772852016 4.737393575051768 4.469601614365542 4.481986316143028 inf inf 
18.300000000000033 5.620030825360185 5.02440927322764 4.674552920940486 4.362406602452123 4.359647553364225 inf inf 
18.350000000000033 5.587844404884236 4.975547008652931 4.59814742993968 4.247219272703765 4.238099486107719 inf inf 
18.400000000000034 5.553496247182136 4.917023947014592 4.509535453001179 4.127432356011281 4.1193304909740736 inf inf 
18.450000000000035 5.514728495259434 4.8477149027478825 4.409455628516087 4.00428881108495 4.0043578593414395 inf inf 
18.500000000000036 5.4698614080030845 4.766699380796036 4.299424948917717 3.88282826269235 3.8961757766165426 inf inf 
18.550000000000036 5.4170615465350105 4.671752640797949 4.179518550317013 3.7660219366140786 3.795280244074712 inf inf 
18.600000000000037 5.354630602656941 4.564672451717431 4.057119168759155 3.655087726073663 3.7019796850875144 inf inf 
18.650000000000038 5.278427236480384 4.44953768676818 3.9354742948733716 3.5502193633201626 3.6168552117231916 inf inf 
18.70000000000004 5.189997426200933 4.329746544478524 3.8168054559462026 3.452905741311435 3.5401685329060784 inf inf 
18.75000000000004 5.090062221815073 4.206853032384512 3.7016482970849487 3.3636556346282562 3.471838948004736 inf inf 
18.80000000000004 4.980536002325932 4.0852480193979135 3.593291639258279 3.2825396756367153 3.4120042179187835 inf inf 
18.85000000000004 4.8606242924996215 3.9682899818431765 3.4922323101014547 3.210191273259489 3.3613358909460764 inf inf 
18.90000000000004 4.738163722572112 3.8572052653080426 3.3987788900214446 3.146535524976326 3.318566252247422 inf inf 
18.950000000000042 4.616421168012183 3.7522688185317503 3.313477735232533 3.091178777540933 3.2832385253338754 inf inf 
19.000000000000043 4.497853390361984 3.654774872527345 3.2366285993986943 3.043844273501798 3.2551158793251362 inf inf 
19.050000000000043 4.382510073099792 3.565358391338481 3.1681482107284773 3.0051653458212972 3.234305234385159 inf inf 
19.100000000000044 4.273977443152353 3.484088003681077 3.108044491296193 2.9740552958875393 3.21910128286739 inf inf 
19.150000000000045 4.172753135695002 3.4115067500892344 3.057235155222714 2.949547005334427 3.2088900627571655 inf inf 
19.200000000000045 4.079145864332965 3.3476970227889655 3.01433555200286 2.9310525253887487 3.203229877000294 inf inf 
19.250000000000046 3.993667018921236 3.292197219462221 2.9788875683279232 2.918653624000983 3.201897082566448 inf inf 
19.300000000000047 3.9166546259985524 3.2447293098445384 2.9505199819602215 2.9111343990510425 3.2038700478952324 inf inf 
19.350000000000048 3.8480228003999075 3.2057822419114332 2.929614775842632 2.907640764226961 3.2088008547884908 inf inf 
19.40000000000005 3.787649223691322 3.1745591056532105 2.914324524123875 2.9077410351867004 3.216420495807687 inf inf 
19.45000000000005 3.7366985572129523 3.149946821132483 2.9040345373467416 2.9113364112378406 3.226511368226457 inf inf 
19.50000000000005 3.6936687746638315 3.1313565890792967 2.8982302541417697 2.917772299734612 3.238708349105326 inf inf 
19.55000000000005 3.658100404893482 3.1187706667726665 2.896840274221334 2.926644869533946 3.2527858392793156 inf inf 
19.60000000000005 3.629487820894993 3.1111821075303276 2.8987593539832903 2.9377659262271383 3.2680941453587438 inf inf 
19.650000000000052 3.608488105399954 3.1076244973279605 2.903639013475223 2.950959788465233 3.2835990493083362 inf inf 
19.700000000000053 3.5931116366540916 3.107664264259163 2.911190101266049 2.9656903796935117 3.2990737961876087 inf inf 
19.750000000000053 3.582742989009333 3.111163244780507 2.9212404134810246 2.9812093574534675 3.314320204717987 inf inf 
19.800000000000054 3.576794875673275 3.1175536348534476 2.933396808413904 2.996932401406395 3.3291748561160923 inf inf 
19.850000000000055 3.5753478427740357 3.126381967391079 2.9474367821529333 3.0122261527546956 3.3433282910033197 inf inf 
19.900000000000055 3.577213175561312 3.1374589881971757 2.962750186238921 3.027112327172618 3.35706223226142 inf inf 
19.950000000000056 3.5820418315215545 3.150613915024442 2.978246552544134 3.0416620926305837 3.370200796728488 inf inf 
20.000000000000057 3.5895245777244975 3.165319185013845 2.993716300035845 3.055822136703425 3.382425236458432 inf inf 
20.050000000000058 3.5995344650964722 3.1808226307558556 3.008959585238516 3.069216085152222 3.393481722296144 inf inf 
20.10000000000006 3.611650417074408 3.1965362989727093 3.0238554998317646 3.0817398321285463 3.403670304387988 inf inf 
20.15000000000006 3.6256530132654756 3.2118697259297337 3.0380086755916906 3.0934173048813403 3.4129628877715685 inf inf 
20.20000000000006 3.6409714961066215 3.226753710102036 3.051743512985688 3.104245979385685 3.4213561152281713 inf inf 
20.25000000000006 3.656459357075061 3.241302331400839 3.064887993108192 3.113904232307265 3.428774603765224 inf inf 
20.30000000000006 3.671924124252518 3.2554620918674466 3.077164606906911 3.1226011675334937 3.4355276894930373 inf inf 
20.350000000000062 3.6871642981014596 3.268903386092597 3.088230059106711 3.130524200276696 3.441669122829553 inf inf 
20.400000000000063 3.702101321301381 3.2814355615359623 3.098429309326223 3.1377366338229358 3.447215754104901 inf inf 
20.450000000000063 3.7162542388804702 3.2931215966313454 3.1077328257470573 3.144124676258034 3.452121981532343 inf inf 
20.500000000000064 3.7299899691385265 3.3039600120526686 3.11616741263619 3.1498744579105016 3.4565917544975995 inf inf 
20.550000000000065 3.7431403434103774 3.3136677304968005 3.123594046503648 3.155111444387662 3.4606557134871125 inf inf 
20.600000000000065 3.755468948542983 3.322374256970219 3.130354991185743 3.159880777131577 3.4643117321823866 inf inf 
20.650000000000066 3.7665433369567793 3.3303063461602167 3.136503863677036 3.1641105641654064 3.4675131263078676 inf inf 
20.700000000000067 3.776753219913825 3.3375275552074384 3.142077413385601 3.167910338260367 3.470385627953164 inf inf 
20.750000000000068 3.7860676336440844 3.343948325651061 3.146989068302207 3.1713478849803742 3.4729437642750267 inf inf 
20.800000000000068 3.7945434497643302 3.3497046083192195 3.1514640653313637 3.174441144745584 3.47518298461554 inf inf 
20.85000000000007 3.801978204244474 3.3549477155705065 3.155533102465448 3.1771316342165234 3.477071379824421 inf inf 
20.90000000000007 3.8087469843204667 3.3597228625174247 3.159207499202375 3.179489160876769 3.4786962789233034 inf inf 
20.95000000000007 3.8149032739255473 3.3639740297606657 3.162413189234123 3.1815588863662914 3.4800699102350054 inf inf 
21.00000000000007 3.8205036644326924 3.367778472289044 3.16528996917081 3.183353243938773 3.4811923415863038 inf inf 
21.05000000000007 3.825420731587712 3.371220633448463 3.1678523774613594 3.1848353578624047 3.4820457291095877 inf inf 
21.100000000000072 3.8299009381292133 3.3743184773553194 3.170104999093867 3.186056067882644 3.4826886536936317 inf inf 
21.150000000000073 3.83397503938273 3.377024367012426 3.1719971360285535 3.187047478241346 3.4831312614986163 inf inf 
21.200000000000074 3.8376677643922172 3.3793858920400583 3.1736257605208293 3.1878189728272166 3.4833761702461983 inf inf 
21.250000000000075 3.840877738919981 3.381459607837173 3.175003090811767 3.1883506787671694 3.483416923667379 inf inf 
21.300000000000075 3.8437587858687254 3.383257946210825 3.1761350877212107 3.1886778120477777 3.483289232435892 inf inf 
21.350000000000076 3.8463254549490706 3.384751187769477 3.1769917377547685 3.1888222298990776 3.482999514259426 inf inf 
21.400000000000077 3.848591443348299 3.385975360310818 3.1776379048898904 3.1887913137423807 3.4825503842007692 inf inf 
21.450000000000077 3.850487312516246 3.3869702343714287 3.1780837298256253 3.1885765122561374 3.4819402490398312 inf inf 
21.500000000000078 3.8521196530146153 3.3877451917166717 3.178335219872985 3.1881986783368785 3.481187607046848 inf inf 
21.55000000000008 3.853500673027045 3.3882846851828847 3.1783788312818437 3.1876694589179206 3.4802960461834975 inf inf 
21.60000000000008 3.854642211845184 3.388614842529075 3.178254003796893 3.1869928317226703 3.479266911909755 inf inf 
21.65000000000008 3.8555021164189465 3.3887622771946173 3.177967161487076 3.1861681654676226 3.478102690187901 inf inf 
21.70000000000008 3.856151518232226 3.3887343888144565 3.177522477083323 3.1852056771131165 3.476804580301803 inf inf 
21.75000000000008 3.8566005525351894 3.388524849780301 3.176914995504081 3.1841088920336045 3.4753704764030062 inf inf 
21.800000000000082 3.8568586081484053 3.3881497503855043 3.1761650468633222 3.182877065279917 3.473800594450396 inf inf 
21.850000000000083 3.8569050707742423 3.3876233162383333 3.1752762119673745 3.181511810886829 3.4721025250312776 inf inf 
21.900000000000084 3.856783100289082 3.3869494960785262 3.174250065945481 3.180011522888467 3.470272525410693 inf inf 
21.950000000000085 3.8564991271084876 3.3861283401007665 3.1730885440174506 3.178376210968902 3.468310658191866 inf inf 
22.000000000000085 3.85605887801928 3.385168511804249 3.171793215310219 3.1766067792265704 3.4662220409136686 inf inf 
22.050000000000086 3.8554540438928697 3.3840744444954303 3.170362054747037 3.174712734342741 3.4640235975705265 inf inf 
